-1.000000e+00 -4.263256e-14 0.000000e+00 0.000000e+00 -9.521273e-13 -1.000000e+00 3.637979e-12 0.000000e+00 0.000000e+00 0.000000e+00 1.000000e+00 0.000000e+00
-9.999970e-01 1.026479e-05 2.427113e-03 2.369435e-03 -1.056848e-05 -1.000000e+00 -1.251115e-04 -8.474743e-04 2.427112e-03 -1.251368e-04 9.999970e-01 4.119979e-01
-9.999995e-01 1.215395e-04 9.427015e-04 4.720359e-03 -1.218440e-04 -9.999999e-01 -3.229611e-04 -2.168447e-03 9.426621e-04 -3.230758e-04 9.999995e-01 9.137242e-01
-9.999999e-01 3.300102e-04 -9.636162e-05 -6.994796e-03 -3.299540e-04 -9.999998e-01 -5.821986e-04 -4.054852e-03 -9.655347e-05 -5.821668e-04 9.999999e-01 1.422053e+00
-9.999981e-01 5.804728e-04 -1.879956e-03 -1.032727e-02 -5.788276e-04 -9.999995e-01 -8.755365e-04 -6.284548e-03 -1.880463e-03 -8.744467e-04 9.999979e-01 1.971496e+00
-9.999527e-01 5.489815e-03 -8.038252e-03 -1.981874e-02 -5.446799e-03 -9.999708e-01 -5.363619e-03 -4.191321e-02 -8.067463e-03 -5.319582e-03 9.999533e-01 2.783116e+00
-9.999474e-01 5.747292e-03 -8.493913e-03 -1.394855e-02 -5.699604e-03 -9.999679e-01 -5.627975e-03 -4.737524e-02 -8.525986e-03 -5.579268e-03 9.999481e-01 3.340554e+00
-9.999500e-01 5.978127e-03 -8.022351e-03 -2.113875e-02 -5.930137e-03 -9.999645e-01 -5.992521e-03 -5.346803e-02 -8.057890e-03 -5.944648e-03 9.999499e-01 3.890204e+00
-9.999474e-01 6.132796e-03 -8.228596e-03 -3.517478e-02 -6.079237e-03 -9.999603e-01 -6.518202e-03 -6.011480e-02 -8.268244e-03 -6.467835e-03 9.999449e-01 4.446864e+00
-9.998958e-01 4.234634e-03 -1.379962e-02 -7.263187e-02 -4.080945e-03 -9.999295e-01 -1.114637e-02 -9.295288e-02 -1.384585e-02 -1.108889e-02 9.998426e-01 5.183308e+00
-9.998699e-01 4.199813e-03 -1.557256e-02 -7.802983e-02 -4.016248e-03 -9.999223e-01 -1.180032e-02 -1.030151e-01 -1.562091e-02 -1.173624e-02 9.998091e-01 5.797843e+00
-9.998276e-01 4.026872e-03 -1.812531e-02 -1.084027e-01 -3.807631e-03 -9.999194e-01 -1.211411e-02 -1.135897e-01 -1.817263e-02 -1.204300e-02 9.997624e-01 6.430239e+00
-9.997652e-01 3.786853e-03 -2.133487e-02 -1.296107e-01 -3.533474e-03 -9.999229e-01 -1.190151e-02 -1.246245e-01 -2.137829e-02 -1.182333e-02 9.997016e-01 7.079583e+00
-9.998388e-01 -3.078158e-03 -1.768940e-02 -1.334625e-01 3.037028e-03 -9.999927e-01 2.351474e-03 -1.193918e-01 -1.769651e-02 2.297372e-03 9.998407e-01 7.787206e+00
-9.998033e-01 -3.422690e-03 -1.953621e-02 -1.219493e-01 3.365985e-03 -9.999900e-01 2.934711e-03 -1.225345e-01 -1.954606e-02 2.868375e-03 9.998049e-01 8.460018e+00
-9.997938e-01 -3.830268e-03 -1.994326e-02 -1.254615e-01 3.767580e-03 -9.999878e-01 3.179908e-03 -1.252780e-01 -1.995519e-02 3.104114e-03 9.997961e-01 9.118342e+00
-9.997995e-01 -4.213146e-03 -1.957708e-02 -1.541616e-01 4.152901e-03 -9.999865e-01 3.116962e-03 -1.270940e-01 -1.958995e-02 3.035035e-03 9.998035e-01 9.825206e+00
-9.997248e-01 -7.339648e-03 -2.228106e-02 -2.292165e-01 7.416158e-03 -9.999669e-01 -3.353206e-03 -1.394982e-01 -2.225571e-02 -3.517523e-03 9.997461e-01 1.057922e+01
-9.997149e-01 -7.622134e-03 -2.262714e-02 -2.440093e-01 7.690206e-03 -9.999662e-01 -2.922920e-03 -1.457929e-01 -2.260409e-02 -3.096094e-03 9.997397e-01 1.132998e+01
-9.996793e-01 -7.843095e-03 -2.407950e-02 -2.697358e-01 7.896155e-03 -9.999666e-01 -2.109279e-03 -1.517947e-01 -2.406216e-02 -2.298738e-03 9.997078e-01 1.205827e+01
-9.996619e-01 -7.971139e-03 -2.475333e-02 -3.064263e-01 8.003036e-03 -9.999673e-01 -1.189804e-03 -1.572320e-01 -2.474303e-02 -1.387504e-03 9.996929e-01 1.282826e+01
-9.996700e-01 -3.397779e-03 -2.546619e-02 -2.920290e-01 2.967614e-03 -9.998526e-01 1.691040e-02 -1.269963e-01 -2.551989e-02 1.682924e-02 9.995326e-01 1.369681e+01
-9.997102e-01 -3.340738e-03 -2.384260e-02 -3.080228e-01 2.921018e-03 -9.998406e-01 1.761695e-02 -1.175813e-01 -2.389766e-02 1.754220e-02 9.995605e-01 1.449906e+01
-9.997117e-01 -3.334075e-03 -2.378058e-02 -3.507783e-01 2.903320e-03 -9.998316e-01 1.812531e-02 -1.066086e-01 -2.383701e-02 1.805104e-02 9.995529e-01 1.533429e+01
-9.997295e-01 -3.177267e-03 -2.304328e-02 -3.791063e-01 2.755415e-03 -9.998285e-01 1.831566e-02 -9.564597e-02 -2.309752e-02 1.824721e-02 9.995667e-01 1.614515e+01
-9.997058e-01 7.293011e-04 -2.424407e-02 -3.708525e-01 -8.678504e-04 -9.999834e-01 5.704742e-03 -1.095647e-01 -2.423951e-02 5.724104e-03 9.996898e-01 1.706169e+01
-9.997300e-01 9.979300e-04 -2.321559e-02 -3.981596e-01 -1.123606e-03 -9.999848e-01 5.401032e-03 -1.087318e-01 -2.320985e-02 5.425659e-03 9.997159e-01 1.791771e+01
-9.997521e-01 1.131530e-03 -2.223640e-02 -4.116375e-01 -1.243820e-03 -9.999866e-01 5.036632e-03 -1.078794e-01 -2.223040e-02 5.063041e-03 9.997401e-01 1.881323e+01
-9.997975e-01 1.260731e-03 -2.008753e-02 -4.347455e-01 -1.355813e-03 -9.999880e-01 4.720491e-03 -1.076946e-01 -2.008133e-02 4.746769e-03 9.997871e-01 1.968277e+01
-9.997419e-01 -3.060068e-04 -2.271444e-02 -4.833774e-01 4.590029e-04 -9.999772e-01 -6.730722e-03 -1.536407e-01 -2.271186e-02 -6.739411e-03 9.997193e-01 2.066772e+01
-9.997844e-01 -3.476200e-04 -2.076109e-02 -5.023863e-01 4.959274e-04 -9.999744e-01 -7.138806e-03 -1.644828e-01 -2.075807e-02 -7.147563e-03 9.997590e-01 2.158741e+01
-9.998258e-01 -5.583059e-04 -1.865250e-02 -5.292351e-01 6.991820e-04 -9.999713e-01 -7.546998e-03 -1.756180e-01 -1.864775e-02 -7.558725e-03 9.997976e-01 2.250166e+01
-9.998526e-01 -8.593964e-04 -1.714488e-02 -5.544968e-01 9.956305e-04 -9.999680e-01 -7.939108e-03 -1.875420e-01 -1.713751e-02 -7.955007e-03 9.998215e-01 2.344633e+01
-9.996976e-01 -9.351156e-03 -2.274570e-02 -5.983822e-01 9.584540e-03 -9.999023e-01 -1.017327e-02 -2.172518e-01 -2.264834e-02 -1.038820e-02 9.996896e-01 2.450342e+01
-9.996867e-01 -9.703622e-03 -2.307106e-02 -6.186727e-01 9.947982e-03 -9.998954e-01 -1.050055e-02 -2.323811e-01 -2.296675e-02 -1.072677e-02 9.996787e-01 2.546472e+01
-9.996426e-01 -1.004566e-02 -2.477330e-02 -6.469030e-01 1.031440e-02 -9.998891e-01 -1.074426e-02 -2.482338e-01 -2.466262e-02 -1.099595e-02 9.996354e-01 2.646032e+01
-9.995937e-01 -1.040079e-02 -2.653743e-02 -6.831748e-01 1.069255e-02 -9.998837e-01 -1.087606e-02 -2.645757e-01 -2.642122e-02 -1.115540e-02 9.995887e-01 2.746710e+01
-9.995933e-01 -1.294808e-02 -2.540747e-02 -7.228001e-01 1.310959e-02 -9.998949e-01 -6.200359e-03 -2.904906e-01 -2.532451e-02 -6.530919e-03 9.996579e-01 2.853045e+01
-9.995095e-01 -1.334556e-02 -2.833018e-02 -7.614561e-01 1.352704e-02 -9.998891e-01 -6.223802e-03 -3.032470e-01 -2.824398e-02 -6.603973e-03 9.995793e-01 2.953887e+01
-9.994095e-01 -1.383216e-02 -3.145449e-02 -8.013355e-01 1.403599e-02 -9.998818e-01 -6.268725e-03 -3.163357e-01 -3.136406e-02 -6.706518e-03 9.994855e-01 3.054164e+01
-9.992880e-01 -1.439420e-02 -3.487688e-02 -8.440267e-01 1.461918e-02 -9.998739e-01 -6.204285e-03 -3.299680e-01 -3.478318e-02 -6.709738e-03 9.993724e-01 3.154471e+01
-9.995056e-01 -1.484604e-02 -2.771379e-02 -8.396766e-01 1.499872e-02 -9.998734e-01 -5.309388e-03 -3.598419e-01 -2.763146e-02 -5.722434e-03 9.996018e-01 3.258464e+01
-9.994273e-01 -1.542414e-02 -3.012290e-02 -8.851650e-01 1.557790e-02 -9.998668e-01 -4.876365e-03 -3.732361e-01 -3.004367e-02 -5.342823e-03 9.995343e-01 3.359985e+01
-9.993976e-01 -1.599363e-02 -3.080114e-02 -9.299001e-01 1.613394e-02 -9.998605e-01 -4.312336e-03 -3.867650e-01 -3.072787e-02 -4.806682e-03 9.995162e-01 3.463951e+01
-9.993140e-01 -1.653666e-02 -3.313775e-02 -9.624344e-01 1.666792e-02 -9.998543e-01 -3.688480e-03 -4.003298e-01 -3.307193e-02 -4.238287e-03 9.994440e-01 3.570110e+01
-9.995019e-01 -1.350745e-02 -2.852015e-02 -9.552046e-01 1.337563e-02 -9.998990e-01 4.807467e-03 -4.012218e-01 -2.858221e-02 4.423597e-03 9.995816e-01 3.683954e+01
-9.994335e-01 -1.416605e-02 -3.052898e-02 -9.870445e-01 1.400852e-02 -9.998875e-01 5.367623e-03 -4.061332e-01 -3.060159e-02 4.936916e-03 9.995195e-01 3.788237e+01
-9.993668e-01 -1.479689e-02 -3.235605e-02 -1.017063e+00 1.461045e-02 -9.998753e-01 5.990825e-03 -4.110067e-01 -3.244065e-02 5.514296e-03 9.994584e-01 3.894269e+01
-9.992527e-01 -1.541033e-02 -3.544626e-02 -1.045016e+00 1.518167e-02 -9.998623e-01 6.711003e-03 -4.154688e-01 -3.554480e-02 6.167855e-03 9.993491e-01 4.000459e+01
-9.992922e-01 -1.525896e-02 -3.438294e-02 -1.097072e+00 1.502894e-02 -9.998630e-01 6.938443e-03 -4.361203e-01 -3.448410e-02 6.416793e-03 9.993846e-01 4.115107e+01
-9.992064e-01 -1.595729e-02 -3.649619e-02 -1.138769e+00 1.568191e-02 -9.998465e-01 7.819390e-03 -4.407085e-01 -3.661536e-02 7.240855e-03 9.993032e-01 4.223383e+01
-9.991806e-01 -1.672411e-02 -3.685934e-02 -1.184078e+00 1.642180e-02 -9.998291e-01 8.489328e-03 -4.448020e-01 -3.699501e-02 7.877074e-03 9.992844e-01 4.331628e+01
-9.991664e-01 -1.749687e-02 -3.688317e-02 -1.235514e+00 1.717624e-02 -9.998120e-01 8.992301e-03 -4.487712e-01 -3.703357e-02 8.351292e-03 9.992791e-01 4.436623e+01
-9.992764e-01 -1.829530e-02 -3.334609e-02 -1.285742e+00 1.821357e-02 -9.998303e-01 2.753007e-03 -4.868369e-01 -3.339080e-02 2.143663e-03 9.994401e-01 4.545024e+01
-9.992539e-01 -1.901517e-02 -3.361415e-02 -1.322340e+00 1.891121e-02 -9.998153e-01 3.408190e-03 -4.973023e-01 -3.367275e-02 2.769963e-03 9.994290e-01 4.652876e+01
-9.992885e-01 -1.983205e-02 -3.208162e-02 -1.365999e+00 1.970904e-02 -9.997972e-01 4.146079e-03 -5.073756e-01 -3.215734e-02 3.510831e-03 9.994767e-01 4.761926e+01
-9.992672e-01 -2.054177e-02 -3.229824e-02 -1.393012e+00 2.039199e-02 -9.997798e-01 4.960100e-03 -5.171192e-01 -3.239302e-02 4.297839e-03 9.994659e-01 4.871993e+01
-9.992115e-01 -1.955045e-02 -3.455759e-02 -1.422439e+00 1.927549e-02 -9.997799e-01 8.271970e-03 -5.145447e-01 -3.471170e-02 7.599332e-03 9.993685e-01 4.973899e+01
-9.990831e-01 -2.018697e-02 -3.775451e-02 -1.448729e+00 1.985778e-02 -9.997617e-01 9.073901e-03 -5.213324e-01 -3.792869e-02 8.315860e-03 9.992458e-01 5.080624e+01
-9.989261e-01 -2.088159e-02 -4.136016e-02 -1.490738e+00 2.049431e-02 -9.997423e-01 9.765438e-03 -5.271654e-01 -4.155342e-02 8.907303e-03 9.990966e-01 5.188778e+01
-9.987697e-01 -2.156334e-02 -4.465506e-02 -1.536798e+00 2.112110e-02 -9.997234e-01 1.035182e-02 -5.326262e-01 -4.486592e-02 9.395916e-03 9.989489e-01 5.296848e+01
-9.992612e-01 -1.892184e-02 -3.345127e-02 -1.596936e+00 1.888175e-02 -9.998205e-01 1.513926e-03 -5.600059e-01 -3.347392e-02 8.811889e-04 9.994392e-01 5.405750e+01
-9.992559e-01 -1.947545e-02 -3.328989e-02 -1.628679e+00 1.942698e-02 -9.998097e-01 1.778844e-03 -5.748309e-01 -3.331820e-02 1.130799e-03 9.994441e-01 5.510830e+01
-9.991555e-01 -1.989460e-02 -3.594878e-02 -1.664701e+00 1.982933e-02 -9.998011e-01 2.171408e-03 -5.889010e-01 -3.598483e-02 1.456735e-03 9.993513e-01 5.616724e+01
-9.991403e-01 -2.023194e-02 -3.618582e-02 -1.712084e+00 2.014435e-02 -9.997932e-01 2.783498e-03 -6.021765e-01 -3.623465e-02 2.052165e-03 9.993412e-01 5.722600e+01
-9.993579e-01 -1.481765e-02 -3.262214e-02 -1.759049e+00 1.462664e-02 -9.998745e-01 6.086071e-03 -6.217465e-01 -3.270822e-02 5.605011e-03 9.994493e-01 5.835284e+01
-9.993405e-01 -1.520472e-02 -3.297470e-02 -1.787343e+00 1.494350e-02 -9.998550e-01 8.153895e-03 -6.345243e-01 -3.309390e-02 7.655761e-03 9.994230e-01 5.941729e+01
-9.993168e-01 -1.555151e-02 -3.352827e-02 -1.811569e+00 1.522384e-02 -9.998341e-01 1.000605e-02 -6.454925e-01 -3.367832e-02 9.488789e-03 9.993877e-01 6.049599e+01
-9.992665e-01 -1.583907e-02 -3.486481e-02 -1.847731e+00 1.544188e-02 -9.998131e-01 1.163210e-02 -6.543517e-01 -3.504253e-02 1.108519e-02 9.993244e-01 6.157430e+01
-9.994289e-01 -6.257270e-03 -3.320718e-02 -1.889325e+00 6.025095e-03 -9.999567e-01 7.087180e-03 -6.471614e-01 -3.325009e-02 6.883056e-03 9.994234e-01 6.270535e+01
-9.995078e-01 -7.164181e-03 -3.054226e-02 -1.927138e+00 6.915784e-03 -9.999422e-01 8.230786e-03 -6.617022e-01 -3.059946e-02 8.015512e-03 9.994996e-01 6.376423e+01
-9.995778e-01 -8.166885e-03 -2.788464e-02 -1.964944e+00 7.911525e-03 -9.999259e-01 9.255830e-03 -6.745829e-01 -2.795816e-02 9.031312e-03 9.995683e-01 6.480081e+01
-9.996305e-01 -9.324267e-03 -2.553595e-02 -2.004212e+00 9.061151e-03 -9.999049e-01 1.040011e-02 -6.854455e-01 -2.563050e-02 1.016488e-02 9.996198e-01 6.586550e+01
-9.996788e-01 -1.042878e-02 -2.309913e-02 -2.033235e+00 1.016212e-02 -9.998807e-01 1.163142e-02 -6.949157e-01 -2.321767e-02 1.139295e-02 9.996656e-01 6.693593e+01
-9.994457e-01 -1.821415e-02 -2.786728e-02 -2.084564e+00 1.812081e-02 -9.998293e-01 3.598582e-03 -7.206011e-01 -2.792806e-02 3.091609e-03 9.996052e-01 6.811671e+01
-9.994218e-01 -1.923545e-02 -2.803703e-02 -2.128330e+00 1.910637e-02 -9.998056e-01 4.864709e-03 -7.368894e-01 -2.812516e-02 4.326210e-03 9.995950e-01 6.919521e+01
-9.994217e-01 -2.018614e-02 -2.736715e-02 -2.155650e+00 2.002537e-02 -9.997807e-01 6.135761e-03 -7.520338e-01 -2.748501e-02 5.584175e-03 9.996067e-01 7.026447e+01
-9.994702e-01 -1.356371e-02 -2.958594e-02 -2.207454e+00 1.334594e-02 -9.998825e-01 7.545729e-03 -7.398453e-01 -2.968481e-02 7.146880e-03 9.995338e-01 7.139381e+01
-9.995778e-01 -1.436849e-02 -2.525587e-02 -2.253104e+00 1.414703e-02 -9.998600e-01 8.925515e-03 -7.521213e-01 -2.538058e-02 8.564452e-03 9.996412e-01 7.246773e+01
-9.996101e-01 -1.516335e-02 -2.344729e-02 -2.284426e+00 1.492540e-02 -9.998356e-01 1.029004e-02 -7.637351e-01 -2.359946e-02 9.936064e-03 9.996721e-01 7.352103e+01
-9.995817e-01 -1.593820e-02 -2.413353e-02 -2.323188e+00 1.566480e-02 -9.998115e-01 1.147562e-02 -7.739293e-01 -2.431188e-02 1.109277e-02 9.996429e-01 7.457368e+01
-9.993864e-01 -1.133067e-02 -3.314349e-02 -2.358574e+00 1.109676e-02 -9.999123e-01 7.232956e-03 -7.816195e-01 -3.322253e-02 6.860733e-03 9.994244e-01 7.567279e+01
-9.994020e-01 -1.218270e-02 -3.235912e-02 -2.395627e+00 1.191900e-02 -9.998943e-01 8.329461e-03 -7.950750e-01 -3.245717e-02 7.938792e-03 9.994416e-01 7.669901e+01
-9.994135e-01 -1.309706e-02 -3.163938e-02 -2.433653e+00 1.279843e-02 -9.998718e-01 9.622979e-03 -8.072644e-01 -3.176136e-02 9.212401e-03 9.994530e-01 7.774075e+01
-9.994352e-01 -1.405783e-02 -3.052006e-02 -2.481863e+00 1.372413e-02 -9.998440e-01 1.111580e-02 -8.180933e-01 -3.067156e-02 1.069066e-02 9.994724e-01 7.878629e+01
-9.994270e-01 -1.507203e-02 -3.030520e-02 -2.518829e+00 1.469295e-02 -9.998115e-01 1.269281e-02 -8.281144e-01 -3.049079e-02 1.224027e-02 9.994601e-01 7.983166e+01
-9.991900e-01 -1.784621e-02 -3.606915e-02 -2.576671e+00 1.726490e-02 -9.997171e-01 1.636429e-02 -8.087057e-01 -3.635098e-02 1.572830e-02 9.992153e-01 8.102225e+01
-9.991382e-01 -1.877070e-02 -3.702162e-02 -2.631604e+00 1.812213e-02 -9.996777e-01 1.777695e-02 -8.131536e-01 -3.734337e-02 1.709072e-02 9.991564e-01 8.206374e+01
-9.991102e-01 -1.966439e-02 -3.731261e-02 -2.676765e+00 1.896035e-02 -9.996372e-01 1.912944e-02 -8.163354e-01 -3.767525e-02 1.840496e-02 9.991205e-01 8.310033e+01
-9.990147e-01 -2.046222e-02 -3.938060e-02 -2.719123e+00 1.966679e-02 -9.995968e-01 2.048101e-02 -8.184711e-01 -3.978381e-02 1.968634e-02 9.990143e-01 8.412516e+01
-9.988589e-01 -1.850782e-02 -4.402509e-02 -2.763851e+00 1.784838e-02 -9.997233e-01 1.532490e-02 -8.274285e-01 -4.429654e-02 1.452163e-02 9.989129e-01 8.523355e+01
-9.987410e-01 -1.924427e-02 -4.632529e-02 -2.819820e+00 1.848303e-02 -9.996879e-01 1.680510e-02 -8.338940e-01 -4.663424e-02 1.592770e-02 9.987850e-01 8.624038e+01
-9.986327e-01 -1.994387e-02 -4.832090e-02 -2.859360e+00 1.907900e-02 -9.996506e-01 1.829425e-02 -8.394929e-01 -4.866887e-02 1.734732e-02 9.986643e-01 8.724313e+01
-9.988719e-01 -1.438404e-02 -4.525536e-02 -2.887572e+00 1.350810e-02 -9.997166e-01 1.960213e-02 -8.353429e-01 -4.552449e-02 1.896871e-02 9.987831e-01 8.814719e+01
-9.986343e-01 -1.495777e-02 -5.005708e-02 -2.955681e+00 1.392026e-02 -9.996823e-01 2.101118e-02 -8.395863e-01 -5.035546e-02 2.028568e-02 9.985253e-01 8.907956e+01
-9.983784e-01 -1.549186e-02 -5.477775e-02 -3.015630e+00 1.428596e-02 -9.996485e-01 2.233776e-02 -8.426164e-01 -5.510455e-02 2.151898e-02 9.982486e-01 9.001295e+01
-9.981028e-01 -1.599495e-02 -5.945431e-02 -3.077755e+00 1.460829e-02 -9.996128e-01 2.368503e-02 -8.449190e-01 -5.981012e-02 2.277157e-02 9.979500e-01 9.093623e+01
-9.982662e-01 -1.245855e-02 -5.752808e-02 -3.106775e+00 1.136071e-02 -9.997478e-01 1.937136e-02 -8.517098e-01 -5.775491e-02 1.868421e-02 9.981559e-01 9.177357e+01
-9.981056e-01 -1.303842e-02 -6.012621e-02 -3.176358e+00 1.181148e-02 -9.997156e-01 2.071641e-02 -8.569533e-01 -6.037922e-02 1.996699e-02 9.979758e-01 9.269432e+01
-9.979300e-01 -1.358125e-02 -6.286003e-02 -3.238419e+00 1.221475e-02 -9.996818e-01 2.207224e-02 -8.623200e-01 -6.313980e-02 2.125874e-02 9.977782e-01 9.354308e+01
-9.976950e-01 -1.421655e-02 -6.635132e-02 -3.304822e+00 1.268388e-02 -9.996442e-01 2.346359e-02 -8.674691e-01 -6.666128e-02 2.256791e-02 9.975204e-01 9.434880e+01
-9.975278e-01 -1.491467e-02 -6.867135e-02 -3.384354e+00 1.323755e-02 -9.996045e-01 2.481300e-02 -8.728913e-01 -6.901427e-02 2.384262e-02 9.973307e-01 9.508735e+01
-9.974408e-01 -1.641467e-02 -6.958815e-02 -3.426384e+00 1.464817e-02 -9.995593e-01 2.581981e-02 -8.560202e-01 -6.998131e-02 2.473439e-02 9.972416e-01 9.559209e+01
-9.973652e-01 -1.716868e-02 -7.048216e-02 -3.486978e+00 1.530865e-02 -9.995224e-01 2.684603e-02 -8.607125e-01 -7.090940e-02 2.569631e-02 9.971517e-01 9.628999e+01
-9.971313e-01 -1.796813e-02 -7.352874e-02 -3.547030e+00 1.596813e-02 -9.994888e-01 2.769830e-02 -8.647867e-01 -7.398883e-02 2.644473e-02 9.969084e-01 9.697224e+01
-9.966021e-01 -2.322288e-02 -7.902547e-02 -3.561955e+00 2.196183e-02 -9.996178e-01 1.678950e-02 -8.693480e-01 -7.938517e-02 1.499691e-02 9.967312e-01 9.767630e+01
-9.964609e-01 -2.421256e-02 -8.049475e-02 -3.617244e+00 2.288144e-02 -9.995865e-01 1.741833e-02 -8.808711e-01 -8.088319e-02 1.551485e-02 9.966028e-01 9.829903e+01
-9.963773e-01 -2.525176e-02 -8.120655e-02 -3.665133e+00 2.386536e-02 -9.995532e-01 1.799810e-02 -8.920994e-01 -8.162475e-02 1.599488e-02 9.965348e-01 9.889860e+01
-9.966028e-01 -2.641802e-02 -7.800584e-02 -3.708839e+00 2.504410e-02 -9.995144e-01 1.853923e-02 -9.035599e-01 -7.845774e-02 1.652266e-02 9.967805e-01 9.945503e+01
-9.968881e-01 -2.766891e-02 -7.381377e-02 -3.754598e+00 2.632627e-02 -9.994709e-01 1.910110e-02 -9.143084e-01 -7.430322e-02 1.709842e-02 9.970891e-01 1.000081e+02
-9.974064e-01 -3.450365e-02 -6.316705e-02 -3.803552e+00 3.359323e-02 -9.993166e-01 1.541901e-02 -8.973744e-01 -6.365590e-02 1.325704e-02 9.978839e-01 1.004580e+02
-9.978240e-01 -3.568640e-02 -5.544162e-02 -3.838768e+00 3.484803e-02 -9.992642e-01 1.601596e-02 -9.097692e-01 -5.597239e-02 1.404908e-02 9.983335e-01 1.009602e+02
-9.982004e-01 -3.677307e-02 -4.736834e-02 -3.846216e+00 3.602106e-02 -9.992126e-01 1.663303e-02 -9.228436e-01 -4.794269e-02 1.489684e-02 9.987389e-01 1.014321e+02
-9.988740e-01 -3.581122e-02 -3.111792e-02 -3.846546e+00 3.513824e-02 -9.991422e-01 2.191128e-02 -8.872785e-01 -3.187590e-02 2.079318e-02 9.992755e-01 1.018453e+02
-9.991258e-01 -3.671926e-02 -1.998198e-02 -3.862573e+00 3.627087e-02 -9.990919e-01 2.235753e-02 -8.970319e-01 -2.078478e-02 2.161323e-02 9.995503e-01 1.022799e+02
-9.992854e-01 -3.750267e-02 -4.714629e-03 -3.869353e+00 3.738760e-02 -9.990476e-01 2.249837e-02 -9.070394e-01 -5.553887e-03 2.230603e-02 9.997358e-01 1.026876e+02
-9.991895e-01 -3.820674e-02 1.267398e-02 -3.860210e+00 3.848281e-02 -9.990103e-01 2.230520e-02 -9.167435e-01 1.180923e-02 2.277485e-02 9.996709e-01 1.030936e+02
-9.983035e-01 -3.188837e-02 4.871647e-02 -3.785767e+00 3.258522e-02 -9.993767e-01 1.357738e-02 -8.981943e-01 4.825315e-02 1.514178e-02 9.987203e-01 1.034352e+02
-9.968901e-01 -3.233595e-02 7.186405e-02 -3.770145e+00 3.334811e-02 -9.993601e-01 1.292925e-02 -9.100440e-01 7.139999e-02 1.528557e-02 9.973306e-01 1.038235e+02
-9.947124e-01 -3.263995e-02 9.737444e-02 -3.726248e+00 3.398176e-02 -9.993485e-01 1.215302e-02 -9.225144e-01 9.691434e-02 1.539772e-02 9.951736e-01 1.041913e+02
-9.917907e-01 -3.281932e-02 1.235891e-01 -3.670747e+00 3.447510e-02 -9.993418e-01 1.128218e-02 -9.348844e-01 1.231375e-01 1.545031e-02 9.922693e-01 1.045573e+02
-9.850454e-01 -2.315109e-02 1.707325e-01 -3.528423e+00 2.397165e-02 -9.997088e-01 2.745884e-03 -9.112162e-01 1.706192e-01 6.797560e-03 9.853136e-01 1.049234e+02
-9.793058e-01 -2.302208e-02 2.010722e-01 -3.423975e+00 2.391553e-02 -9.997119e-01 2.015059e-03 -9.265523e-01 2.009679e-01 6.782106e-03 9.795743e-01 1.052841e+02
-9.715994e-01 -2.277030e-02 2.355338e-01 -3.304813e+00 2.371906e-02 -9.997180e-01 1.195358e-03 -9.420896e-01 2.354401e-01 6.748050e-03 9.718655e-01 1.056381e+02
-9.609166e-01 -2.254681e-02 2.759184e-01 -3.172110e+00 2.351836e-02 -9.997234e-01 2.123938e-04 -9.578407e-01 2.758373e-01 6.693241e-03 9.611810e-01 1.059791e+02
-9.480028e-01 -2.244795e-02 3.174693e-01 -3.019075e+00 2.340214e-02 -9.997258e-01 -8.079489e-04 -9.735348e-01 3.174004e-01 6.663525e-03 9.482682e-01 1.063116e+02
-9.265422e-01 -1.569224e-02 3.758635e-01 -2.852432e+00 1.592074e-02 -9.998702e-01 -2.498145e-03 -9.605637e-01 3.758539e-01 3.669389e-03 9.266717e-01 1.066133e+02
-9.085672e-01 -1.558571e-02 4.174479e-01 -2.678205e+00 1.574306e-02 -9.998714e-01 -3.066433e-03 -9.757012e-01 4.174420e-01 3.785846e-03 9.086957e-01 1.069126e+02
-8.872969e-01 -1.542019e-02 4.609407e-01 -2.499983e+00 1.545928e-02 -9.998738e-01 -3.690857e-03 -9.906080e-01 4.609393e-01 3.850926e-03 8.874233e-01 1.071898e+02
-8.645009e-01 -1.525625e-02 5.023997e-01 -2.324937e+00 1.511120e-02 -9.998763e-01 -4.360510e-03 -1.005338e+00 5.024041e-01 3.822197e-03 8.646246e-01 1.074720e+02
-8.326976e-01 -1.503111e-02 5.535240e-01 -2.187855e+00 1.631204e-02 -9.998635e-01 -2.612467e-03 -9.690104e-01 5.534877e-01 6.853711e-03 8.328292e-01 1.077543e+02
-8.042447e-01 -1.516822e-02 5.941047e-01 -1.974751e+00 1.612368e-02 -9.998631e-01 -3.700952e-03 -9.830668e-01 5.940796e-01 6.602685e-03 8.043792e-01 1.080086e+02
-7.736867e-01 -1.555326e-02 6.333774e-01 -1.737007e+00 1.608611e-02 -9.998586e-01 -4.903007e-03 -9.972646e-01 6.333641e-01 6.395190e-03 7.738275e-01 1.082592e+02
-7.405685e-01 -1.618025e-02 6.717861e-01 -1.496686e+00 1.618765e-02 -9.998495e-01 -6.236742e-03 -1.010895e+00 6.717860e-01 6.255901e-03 7.407190e-01 1.084858e+02
-6.959535e-01 -2.724157e-02 7.175699e-01 -1.238797e+00 2.031998e-02 -9.996271e-01 -1.824163e-02 -1.017227e+00 7.177993e-01 1.885682e-03 6.962475e-01 1.087383e+02
-6.562845e-01 -2.770841e-02 7.540044e-01 -9.515114e-01 1.954264e-02 -9.996144e-01 -1.972428e-02 -1.034900e+00 7.542603e-01 1.790498e-03 6.565730e-01 1.089541e+02
-6.145399e-01 -2.802677e-02 7.883878e-01 -6.717191e-01 1.866930e-02 -9.996055e-01 -2.098293e-02 -1.052051e+00 7.886648e-01 1.823800e-03 6.148207e-01 1.091557e+02
-5.706850e-01 -2.824026e-02 8.206834e-01 -3.543856e-01 1.775952e-02 -9.995992e-01 -2.204730e-02 -1.070111e+00 8.209770e-01 1.992883e-03 5.709578e-01 1.093409e+02
-5.200734e-01 -2.657460e-02 8.537080e-01 -4.186034e-03 1.885124e-02 -9.996296e-01 -1.963286e-02 -1.039569e+00 8.539135e-01 5.882928e-03 5.203817e-01 1.095229e+02
-4.718022e-01 -2.641332e-02 8.813087e-01 3.307595e-01 1.791806e-02 -9.996319e-01 -2.036723e-02 -1.056737e+00 8.815224e-01 6.182039e-03 4.721018e-01 1.096843e+02
-4.242688e-01 -2.621259e-02 9.051569e-01 6.775070e-01 1.712237e-02 -9.996344e-01 -2.092292e-02 -1.074179e+00 9.053744e-01 6.621487e-03 4.245625e-01 1.098366e+02
-3.740834e-01 -2.617697e-02 9.270255e-01 1.050504e+00 1.640097e-02 -9.996320e-01 -2.160890e-02 -1.092278e+00 9.272500e-01 7.120584e-03 3.743751e-01 1.099732e+02
-3.176888e-01 -1.646112e-02 9.480521e-01 1.488020e+00 1.978900e-02 -9.997466e-01 -1.072747e-02 -1.083308e+00 9.479885e-01 1.535300e-02 3.179340e-01 1.100950e+02
-2.683208e-01 -1.672360e-02 9.631844e-01 1.885779e+00 1.978046e-02 -9.997342e-01 -1.184784e-02 -1.096636e+00 9.631265e-01 1.587321e-02 2.685802e-01 1.101917e+02
-2.199929e-01 -1.692060e-02 9.753547e-01 2.286729e+00 1.942523e-02 -9.997273e-01 -1.296203e-02 -1.109704e+00 9.753081e-01 1.609493e-02 2.202616e-01 1.102757e+02
-1.740438e-01 -1.704839e-02 9.845903e-01 2.709716e+00 1.863611e-02 -9.997281e-01 -1.401625e-02 -1.123006e+00 9.845616e-01 1.590949e-02 1.743142e-01 1.103434e+02
-1.382813e-01 -2.729930e-02 9.900167e-01 3.135509e+00 1.446357e-02 -9.995691e-01 -2.554249e-02 -1.114728e+00 9.902874e-01 1.078713e-02 1.386166e-01 1.103927e+02
-1.035687e-01 -2.731914e-02 9.942470e-01 3.575690e+00 1.346070e-02 -9.995697e-01 -2.606322e-02 -1.133394e+00 9.945312e-01 1.068393e-02 1.038918e-01 1.104512e+02
-7.429125e-02 -2.713900e-02 9.968672e-01 4.042934e+00 1.292039e-02 -9.995719e-01 -2.624975e-02 -1.152548e+00 9.971529e-01 1.092979e-02 7.461010e-02 1.105033e+02
-4.886581e-02 -2.677266e-02 9.984465e-01 4.511277e+00 1.272468e-02 -9.995763e-01 -2.618018e-02 -1.171476e+00 9.987243e-01 1.142560e-02 4.918578e-02 1.105421e+02
-5.941516e-02 -1.996685e-02 9.980336e-01 5.090562e+00 1.440138e-02 -9.997131e-01 -1.914310e-02 -1.184859e+00 9.981294e-01 1.323567e-02 5.968566e-02 1.106150e+02
-3.947018e-02 -1.950548e-02 9.990304e-01 5.584916e+00 1.387327e-02 -9.997237e-01 -1.897091e-02 -1.201143e+00 9.991244e-01 1.311103e-02 3.972989e-02 1.106285e+02
-2.205110e-02 -1.913456e-02 9.995737e-01 6.096572e+00 1.301408e-02 -9.997376e-01 -1.885060e-02 -1.217586e+00 9.996721e-01 1.259286e-02 2.229434e-02 1.106338e+02
-4.546033e-03 -1.901348e-02 9.998089e-01 6.647844e+00 1.202318e-02 -9.997479e-01 -1.895765e-02 -1.234412e+00 9.999174e-01 1.193470e-02 4.773490e-03 1.106399e+02
9.591510e-03 -1.691730e-02 9.998109e-01 7.341199e+00 3.666104e-04 -9.998568e-01 -1.692159e-02 -1.232881e+00 9.999539e-01 5.288447e-04 -9.583933e-03 1.106058e+02
2.085080e-02 -1.700580e-02 9.996380e-01 7.930521e+00 -2.079185e-04 -9.998554e-01 -1.700516e-02 -1.248340e+00 9.997826e-01 1.467280e-04 -2.085132e-02 1.106053e+02
2.937735e-02 -1.691433e-02 9.994253e-01 8.525810e+00 -9.731170e-04 -9.998568e-01 -1.689303e-02 -1.263917e+00 9.995679e-01 -4.762853e-04 -2.938960e-02 1.105893e+02
3.429628e-02 -1.671295e-02 9.992719e-01 9.142303e+00 -1.800908e-03 -9.998596e-01 -1.666096e-02 -1.279893e+00 9.994101e-01 -1.228188e-03 -3.432156e-02 1.105760e+02
1.492165e-02 -2.287164e-02 9.996270e-01 9.928244e+00 -3.287974e-03 -9.997341e-01 -2.282501e-02 -1.290914e+00 9.998833e-01 -2.946160e-03 -1.499289e-02 1.105797e+02
1.307339e-02 -2.261047e-02 9.996589e-01 1.056148e+01 -3.880302e-03 -9.997379e-01 -2.256151e-02 -1.310958e+00 9.999070e-01 -3.584024e-03 -1.315770e-02 1.105790e+02
9.687766e-03 -2.239459e-02 9.997023e-01 1.123199e+01 -4.362510e-03 -9.997407e-01 -2.235317e-02 -1.331658e+00 9.999436e-01 -4.144660e-03 -9.782950e-03 1.105680e+02
4.721900e-03 -2.146344e-02 9.997585e-01 1.206103e+01 -8.455209e-04 -9.997694e-01 -2.145968e-02 -1.346172e+00 9.999885e-01 -7.439862e-04 -4.738959e-03 1.105858e+02
1.512105e-03 -2.122867e-02 9.997735e-01 1.278007e+01 -8.321524e-04 -9.997743e-01 -2.122743e-02 -1.367224e+00 9.999985e-01 -7.998659e-04 -1.529430e-03 1.105821e+02
-3.711097e-03 -2.093046e-02 9.997741e-01 1.351489e+01 -9.499047e-04 -9.997804e-01 -2.093412e-02 -1.388654e+00 9.999927e-01 -1.027379e-03 3.690400e-03 1.105781e+02
-1.068625e-02 -2.056419e-02 9.997314e-01 1.426094e+01 -8.718070e-04 -9.997880e-01 -2.057467e-02 -1.409960e+00 9.999425e-01 -1.091439e-03 1.066605e-02 1.105712e+02
-1.466696e-02 -2.004803e-02 9.996915e-01 1.501936e+01 -9.507199e-04 -9.997982e-01 -2.006412e-02 -1.431427e+00 9.998920e-01 -1.244706e-03 1.464494e-02 1.105696e+02
-2.772773e-03 -1.852128e-02 9.998246e-01 1.588099e+01 2.615480e-03 -9.998252e-01 -1.851404e-02 -1.448623e+00 9.999927e-01 2.563685e-03 2.820730e-03 1.105789e+02
-5.339121e-03 -1.788555e-02 9.998258e-01 1.666662e+01 2.465136e-03 -9.998372e-01 -1.787259e-02 -1.469265e+00 9.999827e-01 2.369283e-03 5.382343e-03 1.105782e+02
-1.051104e-02 -1.711896e-02 9.997982e-01 1.744832e+01 1.524213e-03 -9.998526e-01 -1.710387e-02 -1.489268e+00 9.999436e-01 1.344126e-03 1.053558e-02 1.105775e+02
-1.416651e-02 -1.623722e-02 9.997678e-01 1.823397e+01 3.728755e-04 -9.998682e-01 -1.623357e-02 -1.509192e+00 9.998996e-01 1.428159e-04 1.417069e-02 1.105777e+02
2.199655e-03 -1.047656e-02 9.999427e-01 1.910617e+01 5.044025e-03 -9.999322e-01 -1.048755e-02 -1.517613e+00 9.999849e-01 5.066805e-03 -2.146662e-03 1.105675e+02
7.309804e-04 -9.833093e-03 9.999514e-01 1.989282e+01 4.182927e-03 -9.999428e-01 -9.836067e-03 -1.532679e+00 9.999910e-01 4.189913e-03 -6.898078e-04 1.105734e+02
2.747749e-03 -9.512736e-03 9.999510e-01 2.069540e+01 3.217269e-03 -9.999495e-01 -9.521563e-03 -1.546809e+00 9.999911e-01 3.243274e-03 -2.717004e-03 1.105815e+02
2.669414e-03 -9.258960e-03 9.999536e-01 2.147820e+01 2.466287e-03 -9.999540e-01 -9.265548e-03 -1.560486e+00 9.999934e-01 2.490906e-03 -2.646456e-03 1.105799e+02
1.170709e-02 -1.691150e-02 9.997885e-01 2.237461e+01 5.885800e-03 -9.998385e-01 -1.698127e-02 -1.612298e+00 9.999142e-01 6.083356e-03 -1.160566e-02 1.105703e+02
1.021608e-02 -1.633956e-02 9.998143e-01 2.318280e+01 5.587768e-03 -9.998500e-01 -1.639724e-02 -1.632731e+00 9.999322e-01 5.754246e-03 -1.012325e-02 1.105626e+02
9.493966e-03 -1.550440e-02 9.998348e-01 2.400969e+01 5.465391e-03 -9.998641e-01 -1.555676e-02 -1.653106e+00 9.999400e-01 5.612183e-03 -9.407938e-03 1.105586e+02
1.479952e-02 -6.987946e-03 9.998661e-01 2.506020e+01 1.575220e-02 -9.998499e-01 -7.220989e-03 -1.677579e+00 9.997664e-01 1.585696e-02 -1.468722e-02 1.105653e+02
1.410676e-02 -5.863622e-03 9.998833e-01 2.593777e+01 1.602558e-02 -9.998531e-01 -6.089540e-03 -1.691095e+00 9.997721e-01 1.610961e-02 -1.401072e-02 1.105600e+02
1.278521e-02 -5.874824e-03 9.999010e-01 2.679341e+01 1.622006e-02 -9.998499e-01 -6.081922e-03 -1.715341e+00 9.997867e-01 1.629621e-02 -1.268800e-02 1.105497e+02
9.833756e-03 -6.388877e-03 9.999312e-01 2.764038e+01 1.639054e-02 -9.998442e-01 -6.549513e-03 -1.739420e+00 9.998173e-01 1.645382e-02 -9.727507e-03 1.105449e+02
1.521603e-02 -1.789517e-02 9.997241e-01 2.835776e+01 1.615332e-02 -9.997050e-01 -1.814068e-02 -1.768333e+00 9.997537e-01 1.642489e-02 -1.492248e-02 1.105314e+02
1.620264e-02 -1.823335e-02 9.997025e-01 2.918967e+01 1.598247e-02 -9.997012e-01 -1.849237e-02 -1.801597e+00 9.997410e-01 1.627734e-02 -1.590638e-02 1.105266e+02
1.637381e-02 -1.818714e-02 9.997005e-01 3.001017e+01 1.544657e-02 -9.997106e-01 -1.844032e-02 -1.835067e+00 9.997466e-01 1.574388e-02 -1.608814e-02 1.105103e+02
1.559242e-02 -1.798359e-02 9.997167e-01 3.082865e+01 1.442252e-02 -9.997302e-01 -1.820878e-02 -1.868291e+00 9.997744e-01 1.470235e-02 -1.532884e-02 1.105033e+02
1.039746e-02 -8.067757e-03 9.999134e-01 3.170855e+01 8.088024e-03 -9.999341e-01 -8.152027e-03 -1.853151e+00 9.999132e-01 8.172084e-03 -1.033153e-02 1.105020e+02
9.536967e-03 -7.867936e-03 9.999236e-01 3.253006e+01 7.291820e-03 -9.999419e-01 -7.937627e-03 -1.877708e+00 9.999279e-01 7.366963e-03 -9.479040e-03 1.105105e+02
9.014614e-03 -7.668600e-03 9.999300e-01 3.335275e+01 6.832797e-03 -9.999468e-01 -7.730329e-03 -1.901781e+00 9.999360e-01 6.902005e-03 -8.961736e-03 1.105119e+02
1.014651e-02 -7.445151e-03 9.999208e-01 3.416053e+01 6.371215e-03 -9.999515e-01 -7.510030e-03 -1.925524e+00 9.999282e-01 6.446911e-03 -1.009858e-02 1.105172e+02
1.692323e-02 -8.317740e-03 9.998222e-01 3.494098e+01 1.403918e-02 -9.998648e-01 -8.555724e-03 -1.940513e+00 9.997582e-01 1.418147e-02 -1.680417e-02 1.104804e+02
1.856840e-02 -8.055677e-03 9.997952e-01 3.573182e+01 1.387070e-02 -9.998692e-01 -8.313884e-03 -1.964568e+00 9.997314e-01 1.402224e-02 -1.845424e-02 1.104867e+02
2.047779e-02 -7.738966e-03 9.997604e-01 3.652128e+01 1.384585e-02 -9.998720e-01 -8.023430e-03 -1.988289e+00 9.996944e-01 1.400683e-02 -2.036801e-02 1.104853e+02
2.223643e-02 -7.262662e-03 9.997264e-01 3.729960e+01 1.377714e-02 -9.998765e-01 -7.570191e-03 -2.012293e+00 9.996578e-01 1.394171e-02 -2.213363e-02 1.104809e+02
2.832360e-02 -6.443681e-03 9.995781e-01 3.812776e+01 1.886254e-02 -9.997977e-01 -6.979578e-03 -2.022052e+00 9.994208e-01 1.905227e-02 -2.819633e-02 1.104146e+02
3.090028e-02 -5.906203e-03 9.995050e-01 3.891488e+01 1.917720e-02 -9.997950e-01 -6.500790e-03 -2.044758e+00 9.993385e-01 1.936859e-02 -3.078068e-02 1.104050e+02
3.268903e-02 -5.390846e-03 9.994510e-01 3.971157e+01 1.946826e-02 -9.997923e-01 -6.029435e-03 -2.067252e+00 9.992759e-01 1.965467e-02 -3.257730e-02 1.103797e+02
3.603661e-02 -4.772276e-03 9.993390e-01 4.051991e+01 1.956672e-02 -9.997935e-01 -5.480031e-03 -2.089967e+00 9.991589e-01 1.975127e-02 -3.593579e-02 1.103466e+02
3.279452e-02 -5.387631e-03 9.994476e-01 4.124071e+01 1.827272e-02 -9.998150e-01 -5.989189e-03 -2.092013e+00 9.992951e-01 1.845904e-02 -3.269001e-02 1.103544e+02
3.752384e-02 -4.741657e-03 9.992844e-01 4.201357e+01 1.838151e-02 -9.998162e-01 -5.434419e-03 -2.114044e+00 9.991267e-01 1.857228e-02 -3.742978e-02 1.103428e+02
4.194258e-02 -4.037286e-03 9.991118e-01 4.277412e+01 1.859128e-02 -9.998155e-01 -4.820589e-03 -2.135633e+00 9.989470e-01 1.877696e-02 -4.185979e-02 1.103104e+02
4.344640e-02 -3.350663e-03 9.990501e-01 4.350868e+01 1.896596e-02 -9.998114e-01 -4.178002e-03 -2.155639e+00 9.988757e-01 1.912946e-02 -4.337465e-02 1.102937e+02
3.706162e-02 -2.141465e-03 9.993107e-01 4.417177e+01 2.073952e-02 -9.997807e-01 -2.911643e-03 -2.163906e+00 9.990978e-01 2.083313e-02 -3.700908e-02 1.102631e+02
3.936955e-02 -1.589604e-03 9.992235e-01 4.485360e+01 2.104256e-02 -9.997756e-01 -2.419562e-03 -2.182159e+00 9.990031e-01 2.112148e-02 -3.932727e-02 1.102467e+02
4.057949e-02 -1.133021e-03 9.991757e-01 4.553874e+01 2.134187e-02 -9.997702e-01 -2.000452e-03 -2.200167e+00 9.989483e-01 2.140546e-02 -4.054598e-02 1.102275e+02
4.424653e-02 -7.220143e-04 9.990204e-01 4.624585e+01 2.173487e-02 -9.997623e-01 -1.685186e-03 -2.217495e+00 9.987841e-01 2.178814e-02 -4.422032e-02 1.102199e+02
3.812338e-02 -8.331856e-03 9.992383e-01 4.695211e+01 2.075221e-02 -9.997430e-01 -9.127811e-03 -2.237617e+00 9.990575e-01 2.108438e-02 -3.794067e-02 1.101775e+02
3.999857e-02 -7.936858e-03 9.991682e-01 4.763558e+01 2.111140e-02 -9.997386e-01 -8.786516e-03 -2.259928e+00 9.989767e-01 2.144528e-02 -3.982055e-02 1.101597e+02
4.204567e-02 -7.474504e-03 9.990878e-01 4.832185e+01 2.141984e-02 -9.997354e-01 -8.380784e-03 -2.282054e+00 9.988860e-01 2.175267e-02 -4.187445e-02 1.101435e+02
4.346832e-02 -6.967302e-03 9.990305e-01 4.900826e+01 2.176742e-02 -9.997317e-01 -7.919304e-03 -2.303634e+00 9.988176e-01 2.209056e-02 -4.330499e-02 1.101243e+02
4.225454e-02 -8.093627e-03 9.990741e-01 4.975407e+01 2.318867e-02 -9.996899e-01 -9.079350e-03 -2.306847e+00 9.988378e-01 2.355085e-02 -4.205376e-02 1.100869e+02
4.539467e-02 -7.473812e-03 9.989412e-01 5.044352e+01 2.357712e-02 -9.996855e-01 -8.550790e-03 -2.328990e+00 9.986908e-01 2.394032e-02 -4.520418e-02 1.100639e+02
4.945580e-02 -6.871231e-03 9.987527e-01 5.112873e+01 2.382757e-02 -9.996836e-01 -8.057519e-03 -2.350293e+00 9.984921e-01 2.419634e-02 -4.927643e-02 1.100423e+02
5.285093e-02 -6.224610e-03 9.985830e-01 5.179440e+01 2.404368e-02 -9.996827e-01 -7.503999e-03 -2.371440e+00 9.983129e-01 2.440620e-02 -5.268450e-02 1.100164e+02
4.715776e-02 -6.065031e-03 9.988691e-01 5.243110e+01 2.494533e-02 -9.996625e-01 -7.247547e-03 -2.380085e+00 9.985759e-01 2.525890e-02 -4.699055e-02 1.100229e+02
4.985195e-02 -5.539002e-03 9.987413e-01 5.308868e+01 2.651463e-02 -9.996248e-01 -6.867375e-03 -2.396820e+00 9.984046e-01 2.682361e-02 -4.968638e-02 1.099902e+02
5.496753e-02 -5.122940e-03 9.984750e-01 5.373847e+01 2.823489e-02 -9.995790e-01 -6.682977e-03 -2.412857e+00 9.980889e-01 2.855918e-02 -5.479974e-02 1.099567e+02
6.088477e-02 -4.783737e-03 9.981333e-01 5.439281e+01 2.969018e-02 -9.995373e-01 -6.601526e-03 -2.429433e+00 9.977031e-01 3.003670e-02 -6.071457e-02 1.099139e+02
7.423557e-02 -1.298615e-02 9.971561e-01 5.506277e+01 2.595691e-02 -9.995513e-01 -1.494976e-02 -2.439663e+00 9.969028e-01 2.699289e-02 -7.386520e-02 1.098420e+02
8.103012e-02 -1.252845e-02 9.966329e-01 5.569955e+01 2.733514e-02 -9.995169e-01 -1.478716e-02 -2.461090e+00 9.963367e-01 2.844130e-02 -8.064851e-02 1.097953e+02
8.681068e-02 -1.208348e-02 9.961515e-01 5.636710e+01 2.867848e-02 -9.994817e-01 -1.462309e-02 -2.482577e+00 9.958119e-01 2.983755e-02 -8.641915e-02 1.097463e+02
9.133758e-02 -1.158393e-02 9.957526e-01 5.705969e+01 3.015635e-02 -9.994416e-01 -1.439300e-02 -2.503774e+00 9.953632e-01 3.134289e-02 -9.093725e-02 1.096987e+02
9.341704e-02 -1.032276e-02 9.955735e-01 5.791193e+01 3.449794e-02 -9.993122e-01 -1.359855e-02 -2.508551e+00 9.950292e-01 3.561557e-02 -9.299668e-02 1.096407e+02
9.589752e-02 -9.402256e-03 9.953468e-01 5.861017e+01 3.475540e-02 -9.993140e-01 -1.278827e-02 -2.530786e+00 9.947842e-01 3.582004e-02 -9.550495e-02 1.095781e+02
9.776986e-02 -7.362270e-03 9.951818e-01 5.930450e+01 3.240541e-02 -9.994189e-01 -1.057723e-02 -2.559822e+00 9.946814e-01 3.328340e-02 -9.747446e-02 1.095185e+02
1.002484e-01 -5.332828e-03 9.949481e-01 6.000606e+01 3.048405e-02 -9.994997e-01 -8.428719e-03 -2.586931e+00 9.944954e-01 3.117502e-02 -1.000357e-01 1.094517e+02
9.278439e-02 -3.763170e-04 9.956861e-01 6.073629e+01 2.731089e-02 -9.996227e-01 -2.922808e-03 -2.558972e+00 9.953116e-01 2.746427e-02 -9.273911e-02 1.093760e+02
8.887455e-02 1.337314e-03 9.960419e-01 6.141356e+01 2.584241e-02 -9.996656e-01 -9.636802e-04 -2.580106e+00 9.957075e-01 2.582577e-02 -8.887938e-02 1.093128e+02
8.843553e-02 1.773126e-04 9.960819e-01 6.213353e+01 1.991462e-02 -9.998004e-01 -1.590113e-03 -2.591741e+00 9.958827e-01 1.997722e-02 -8.842142e-02 1.092459e+02
8.834640e-02 -9.583584e-04 9.960893e-01 6.285308e+01 1.425192e-02 -9.998959e-01 -2.226070e-03 -2.603708e+00 9.959878e-01 1.439285e-02 -8.832356e-02 1.091794e+02
9.674328e-02 -1.537986e-02 9.951905e-01 6.372677e+01 9.424229e-03 -9.998216e-01 -1.636756e-02 -2.624497e+00 9.952647e-01 1.096235e-02 -9.658109e-02 1.090722e+02
9.662706e-02 -1.600498e-02 9.951920e-01 6.446123e+01 4.594855e-03 -9.998529e-01 -1.652607e-02 -2.647353e+00 9.953101e-01 6.169628e-03 -9.653930e-02 1.090005e+02
9.804470e-02 -1.644713e-02 9.950461e-01 6.522106e+01 -6.971545e-05 -9.998636e-01 -1.651989e-02 -2.670881e+00 9.951820e-01 1.550317e-03 -9.803247e-02 1.089209e+02
9.770145e-02 -1.688084e-02 9.950725e-01 6.595271e+01 -4.556958e-03 -9.998533e-01 -1.651451e-02 -2.693819e+00 9.952053e-01 -2.921012e-03 -9.776405e-02 1.088629e+02
1.005536e-01 -6.215520e-03 9.949122e-01 6.673417e+01 1.052034e-02 -9.999179e-01 -7.310061e-03 -2.685265e+00 9.948760e-01 1.120187e-02 -1.004800e-01 1.088024e+02
1.015203e-01 -6.654683e-03 9.948112e-01 6.747877e+01 6.487799e-03 -9.999520e-01 -7.351150e-03 -2.701200e+00 9.948123e-01 7.200426e-03 -1.014723e-01 1.087364e+02
1.028040e-01 -7.059169e-03 9.946766e-01 6.822433e+01 2.631024e-03 -9.999694e-01 -7.368659e-03 -2.717074e+00 9.946981e-01 3.374546e-03 -1.027822e-01 1.086594e+02
1.040587e-01 -7.379750e-03 9.945439e-01 6.896264e+01 -1.023465e-03 -9.999728e-01 -7.312950e-03 -2.732942e+00 9.945707e-01 -2.569046e-04 -1.040634e-01 1.085792e+02
1.078480e-01 -6.584187e-03 9.941456e-01 6.967868e+01 1.152571e-02 -9.999025e-01 -7.872659e-03 -2.760791e+00 9.941006e-01 1.230728e-02 -1.077616e-01 1.084979e+02
1.072973e-01 -6.799513e-03 9.942037e-01 7.040404e+01 8.335265e-03 -9.999353e-01 -7.738278e-03 -2.777115e+00 9.941921e-01 9.117248e-03 -1.072337e-01 1.084332e+02
1.062877e-01 -7.035661e-03 9.943106e-01 7.110246e+01 5.373354e-03 -9.999563e-01 -7.649999e-03 -2.793271e+00 9.943209e-01 6.155884e-03 -1.062453e-01 1.083708e+02
1.044436e-01 -7.238602e-03 9.945045e-01 7.179992e+01 2.647079e-03 -9.999680e-01 -7.556367e-03 -2.809385e+00 9.945273e-01 3.421746e-03 -1.044211e-01 1.083028e+02
1.140544e-01 -8.284424e-03 9.934400e-01 7.272994e+01 1.647830e-02 -9.998119e-01 -1.022939e-02 -2.832611e+00 9.933379e-01 1.753691e-02 -1.138964e-01 1.081824e+02
1.135509e-01 -8.365020e-03 9.934970e-01 7.349096e+01 1.379464e-02 -9.998549e-01 -9.995199e-03 -2.851549e+00 9.934365e-01 1.483989e-02 -1.134191e-01 1.081081e+02
1.158371e-01 -8.293043e-03 9.932336e-01 7.427645e+01 1.138453e-02 -9.998884e-01 -9.676342e-03 -2.870559e+00 9.932030e-01 1.242838e-02 -1.157298e-01 1.080186e+02
1.195934e-01 -8.065903e-03 9.927902e-01 7.510281e+01 9.344027e-03 -9.999136e-01 -9.249375e-03 -2.889617e+00 9.927790e-01 1.038282e-02 -1.195077e-01 1.079280e+02
1.219836e-01 -2.270195e-03 9.925296e-01 7.589919e+01 2.169893e-02 -9.997523e-01 -4.953551e-03 -2.890451e+00 9.922949e-01 2.214108e-02 -1.219041e-01 1.078410e+02
