-1.000000e+00 6.856737e-13 0.000000e+00 0.000000e+00 -2.959410e-12 -1.000000e+00 4.547474e-13 0.000000e+00 0.000000e+00 0.000000e+00 1.000000e+00 0.000000e+00
-9.999868e-01 -5.862342e-05 -5.128751e-03 -2.510587e-03 5.885107e-05 -1.000000e+00 -4.423597e-05 -8.771291e-05 -5.128747e-03 -4.453722e-05 9.999868e-01 7.870470e-02
-9.999315e-01 -1.434127e-04 -1.170513e-02 -1.584451e-02 1.452848e-04 -9.999999e-01 -1.590809e-04 -2.276591e-04 -1.170511e-02 -1.607706e-04 9.999315e-01 1.554550e-01
-9.998242e-01 -2.449744e-04 -1.874819e-02 -1.329156e-02 2.516151e-04 -9.999999e-01 -3.518515e-04 -4.936803e-04 -1.874810e-02 -3.565069e-04 9.998242e-01 2.566424e-01
-9.996031e-01 -3.236409e-04 -2.816862e-02 -1.626800e-02 3.405926e-04 -9.999998e-01 -5.969979e-04 -7.185047e-04 -2.816842e-02 -6.063550e-04 9.996030e-01 3.742833e-01
-9.987005e-01 -4.867781e-04 -5.096170e-02 -5.389816e-02 7.479150e-04 -9.999867e-01 -5.105236e-03 -4.839847e-03 -5.095853e-02 -5.136717e-03 9.986876e-01 5.660366e-01
-9.979318e-01 -4.590802e-04 -6.428078e-02 -5.853418e-02 8.057988e-04 -9.999853e-01 -5.367993e-03 -5.600050e-03 -6.427737e-02 -5.408688e-03 9.979175e-01 6.988049e-01
-9.968066e-01 -3.355436e-04 -7.985243e-02 -6.718928e-02 7.887957e-04 -9.999838e-01 -5.644645e-03 -6.658395e-03 -7.984924e-02 -5.689607e-03 9.967907e-01 8.492246e-01
-9.952989e-01 -2.025033e-04 -9.685007e-02 -1.044519e-01 7.833947e-04 -9.999819e-01 -5.959854e-03 -8.000544e-03 -9.684711e-02 -6.007709e-03 9.952812e-01 1.012215e+00
-9.905671e-01 2.465040e-03 -1.370063e-01 -1.851671e-01 -1.633767e-03 -9.999796e-01 -6.179527e-03 -1.706508e-02 -1.370187e-01 -5.897400e-03 9.905509e-01 1.228061e+00
-9.871672e-01 2.212866e-03 -1.596746e-01 -2.301619e-01 -1.159102e-03 -9.999770e-01 -6.692280e-03 -1.918441e-02 -1.596858e-01 -6.421320e-03 9.871470e-01 1.408127e+00
-9.829208e-01 1.835980e-03 -1.840200e-01 -2.731481e-01 -5.099790e-04 -9.999736e-01 -7.252814e-03 -2.155539e-02 -1.840284e-01 -7.035096e-03 9.828958e-01 1.596740e+00
-9.776027e-01 1.455736e-03 -2.104543e-01 -3.248482e-01 1.959584e-04 -9.999694e-01 -7.827165e-03 -2.416360e-02 -2.104592e-01 -7.693098e-03 9.775724e-01 1.797232e+00
-9.674912e-01 -8.207552e-03 -2.527715e-01 -4.659364e-01 1.128628e-02 -9.998788e-01 -1.073231e-02 -4.069342e-02 -2.526528e-01 -1.323626e-02 9.674665e-01 2.032145e+00
-9.597307e-01 -8.671723e-03 -2.807880e-01 -5.415303e-01 1.222816e-02 -9.998657e-01 -1.091634e-02 -4.389957e-02 -2.806556e-01 -1.391026e-02 9.597077e-01 2.222552e+00
-9.506961e-01 -9.210410e-03 -3.099875e-01 -6.358237e-01 1.327412e-02 -9.998513e-01 -1.100241e-02 -4.718294e-02 -3.098401e-01 -1.457476e-02 9.506770e-01 2.412220e+00
-9.406783e-01 -9.812477e-03 -3.391578e-01 -7.368670e-01 1.441589e-02 -9.998350e-01 -1.105638e-02 -5.051766e-02 -3.389934e-01 -1.528976e-02 9.406645e-01 2.597162e+00
-9.235370e-01 -1.613525e-02 -3.831699e-01 -8.609659e-01 2.104649e-02 -9.997413e-01 -8.628371e-03 -5.496203e-02 -3.829315e-01 -1.603300e-02 9.236376e-01 2.804290e+00
-9.109821e-01 -1.675009e-02 -4.121057e-01 -9.701883e-01 2.220264e-02 -9.997178e-01 -8.446486e-03 -5.756899e-02 -4.118479e-01 -1.684443e-02 9.110969e-01 2.994656e+00
-8.965552e-01 -1.708272e-02 -4.426026e-01 -1.086558e+00 2.312599e-02 -9.996984e-01 -8.260602e-03 -6.024226e-02 -4.423280e-01 -1.764171e-02 8.966798e-01 3.204006e+00
-8.798379e-01 -1.715583e-02 -4.749642e-01 -1.210326e+00 2.382303e-02 -9.996840e-01 -8.021658e-03 -6.290659e-02 -4.746765e-01 -1.837284e-02 8.799686e-01 3.401082e+00
-8.477704e-01 -8.982616e-03 -5.302874e-01 -1.421701e+00 1.717265e-02 -9.997972e-01 -1.051820e-02 -5.179498e-02 -5.300854e-01 -1.802346e-02 8.477527e-01 3.589411e+00
-8.241189e-01 -9.351905e-03 -5.663397e-01 -1.595517e+00 1.827249e-02 -9.997822e-01 -1.008024e-02 -5.554741e-02 -5.661222e-01 -1.865575e-02 8.241103e-01 3.761936e+00
-7.975244e-01 -9.807408e-03 -6.032070e-01 -1.770691e+00 1.949169e-02 -9.997647e-01 -9.515803e-03 -5.986771e-02 -6.029718e-01 -1.934661e-02 7.975279e-01 3.951979e+00
-7.675263e-01 -1.012808e-02 -6.409374e-01 -1.975375e+00 2.063032e-02 -9.997475e-01 -8.906941e-03 -6.400303e-02 -6.406854e-01 -2.005905e-02 7.675415e-01 4.153868e+00
-7.145875e-01 -1.764539e-02 -6.993235e-01 -2.211800e+00 2.606964e-02 -9.996591e-01 -1.415179e-03 -7.309458e-02 -6.990601e-01 -1.924238e-02 7.148039e-01 4.338629e+00
-6.766737e-01 -1.741097e-02 -7.360772e-01 -2.427740e+00 2.620104e-02 -9.996566e-01 -4.409320e-04 -7.507446e-02 -7.358168e-01 -1.958435e-02 6.768975e-01 4.515418e+00
-6.368117e-01 -1.713033e-02 -7.708290e-01 -2.653544e+00 2.616858e-02 -9.996573e-01 5.967577e-04 -7.689142e-02 -7.705752e-01 -1.979148e-02 6.370417e-01 4.680043e+00
-5.917038e-01 -1.683338e-02 -8.059797e-01 -2.916988e+00 2.596123e-02 -9.996613e-01 1.819293e-03 -7.815724e-02 -8.057373e-01 -1.984775e-02 5.919404e-01 4.842535e+00
-5.261382e-01 -8.119797e-03 -8.503603e-01 -3.279466e+00 1.144620e-02 -9.999315e-01 2.465966e-03 -8.083329e-02 -8.503221e-01 -8.435952e-03 5.261950e-01 4.994811e+00
-4.760221e-01 -7.905569e-03 -8.793977e-01 -3.581951e+00 1.110413e-02 -9.999340e-01 2.978439e-03 -8.235192e-02 -8.793632e-01 -8.347148e-03 4.760784e-01 5.135840e+00
-4.220141e-01 -7.762101e-03 -9.065560e-01 -3.913519e+00 1.071708e-02 -9.999362e-01 3.572696e-03 -8.336491e-02 -9.065259e-01 -8.207901e-03 4.220703e-01 5.232907e+00
-3.656123e-01 -7.726384e-03 -9.307352e-01 -4.249803e+00 1.032039e-02 -9.999378e-01 4.246795e-03 -8.429224e-02 -9.307100e-01 -8.052871e-03 3.656693e-01 5.317368e+00
-3.043634e-01 -1.337304e-02 -9.524621e-01 -4.641927e+00 8.524153e-03 -9.998997e-01 1.131515e-02 -7.756551e-02 -9.525179e-01 -4.675014e-03 3.044468e-01 5.399233e+00
-2.501338e-01 -1.351110e-02 -9.681171e-01 -5.009161e+00 7.526023e-03 -9.998996e-01 1.201015e-02 -7.588731e-02 -9.681821e-01 -4.281927e-03 2.502103e-01 5.469495e+00
-1.973280e-01 -1.369024e-02 -9.802420e-01 -5.378172e+00 6.453816e-03 -9.998989e-01 1.266558e-02 -7.447816e-02 -9.803163e-01 -3.827028e-03 1.973964e-01 5.527204e+00
-1.465917e-01 -1.394834e-02 -9.890988e-01 -5.767966e+00 5.543496e-03 -9.998964e-01 1.327902e-02 -7.291090e-02 -9.891816e-01 -3.536471e-03 1.466538e-01 5.568277e+00
-1.065716e-01 -1.841745e-02 -9.941344e-01 -6.221960e+00 3.179677e-03 -9.998296e-01 1.818210e-02 -8.266219e-02 -9.942999e-01 -1.223332e-03 1.066120e-01 5.583871e+00
-6.350830e-02 -1.854623e-02 -9.978091e-01 -6.663348e+00 2.344600e-03 -9.998273e-01 1.843451e-02 -7.765830e-02 -9.979785e-01 -1.168719e-03 6.354082e-02 5.601914e+00
-2.354542e-02 -1.853095e-02 -9.995510e-01 -7.118528e+00 1.562715e-03 -9.998276e-01 1.849927e-02 -7.217073e-02 -9.997216e-01 -1.126440e-03 2.357032e-02 5.604452e+00
1.604622e-02 -1.839319e-02 -9.997021e-01 -7.572954e+00 8.281288e-04 -9.998302e-01 1.840884e-02 -6.673387e-02 -9.998710e-01 -1.123274e-03 -1.602827e-02 5.588170e+00
2.800163e-02 -1.018359e-02 -9.995560e-01 -8.079980e+00 5.994151e-03 -9.999284e-01 1.035530e-02 -5.621609e-02 -9.995899e-01 -6.281455e-03 -2.793859e-02 5.546854e+00
5.743769e-02 -9.868817e-03 -9.983003e-01 -8.595432e+00 5.783851e-03 -9.999311e-01 1.021772e-02 -5.344999e-02 -9.983324e-01 -6.360902e-03 -5.737665e-02 5.512050e+00
8.276077e-02 -9.519028e-03 -9.965240e-01 -9.106967e+00 5.709464e-03 -9.999335e-01 1.002576e-02 -5.047308e-02 -9.965531e-01 -6.519358e-03 -8.270091e-02 5.469884e+00
1.055172e-01 -9.199211e-03 -9.943750e-01 -9.622512e+00 5.734239e-03 -9.999349e-01 9.859133e-03 -4.775677e-02 -9.944010e-01 -6.742292e-03 -1.054576e-01 5.421062e+00
9.258378e-02 -6.080279e-03 -9.956864e-01 -1.015612e+01 8.510629e-03 -9.999400e-01 6.897613e-03 -3.603999e-02 -9.956685e-01 -9.112524e-03 -9.252647e-02 5.369475e+00
1.064036e-01 -5.947641e-03 -9.943053e-01 -1.069837e+01 8.820669e-03 -9.999371e-01 6.925256e-03 -3.495681e-02 -9.942839e-01 -9.507310e-03 -1.063445e-01 5.304482e+00
1.151937e-01 -5.882270e-03 -9.933257e-01 -1.123965e+01 8.991936e-03 -9.999353e-01 6.964185e-03 -3.391543e-02 -9.933023e-01 -9.734151e-03 -1.151333e-01 5.243100e+00
1.208693e-01 -5.853706e-03 -9.926512e-01 -1.182751e+01 9.134438e-03 -9.999337e-01 7.008898e-03 -3.218847e-02 -9.926264e-01 -9.914471e-03 -1.208078e-01 5.165349e+00
9.323588e-02 -9.686900e-03 -9.955969e-01 -1.259907e+01 1.086483e-02 -9.998832e-01 1.074608e-02 -3.227861e-02 -9.955847e-01 -1.181891e-02 -9.311976e-02 5.120386e+00
9.292834e-02 -9.864100e-03 -9.956239e-01 -1.320836e+01 1.130979e-02 -9.998760e-01 1.096185e-02 -2.832486e-02 -9.956086e-01 -1.227897e-02 -9.280525e-02 5.072480e+00
9.206322e-02 -1.007087e-02 -9.957023e-01 -1.382679e+01 1.173028e-02 -9.998685e-01 1.119759e-02 -2.408321e-02 -9.956841e-01 -1.271076e-02 -9.193298e-02 5.006199e+00
8.904868e-02 -1.020059e-02 -9.959751e-01 -1.449036e+01 1.219369e-02 -9.998615e-01 1.133061e-02 -1.935308e-02 -9.959527e-01 -1.315359e-02 -8.891195e-02 4.936380e+00
8.421627e-02 -1.278295e-02 -9.963655e-01 -1.528103e+01 1.139282e-02 -9.998401e-01 1.379048e-02 -1.796939e-02 -9.963824e-01 -1.251280e-02 -8.405717e-02 4.876393e+00
8.186066e-02 -1.304257e-02 -9.965584e-01 -1.596234e+01 1.201075e-02 -9.998289e-01 1.407197e-02 -1.183192e-02 -9.965714e-01 -1.312135e-02 -8.169000e-02 4.821293e+00
8.022752e-02 -1.349970e-02 -9.966852e-01 -1.664681e+01 1.253441e-02 -9.998156e-01 1.455105e-02 -5.631511e-03 -9.966977e-01 -1.366026e-02 -8.004349e-02 4.766723e+00
7.965221e-02 -1.407543e-02 -9.967234e-01 -1.735849e+01 1.300042e-02 -9.998006e-01 1.515780e-02 9.243595e-04 -9.967379e-01 -1.416517e-02 -7.945333e-02 4.717909e+00
7.944126e-02 -2.106185e-02 -9.966170e-01 -1.815883e+01 1.523907e-02 -9.996343e-01 2.234033e-02 1.225382e-02 -9.967231e-01 -1.696226e-02 -7.909124e-02 4.657209e+00
7.994828e-02 -2.149590e-02 -9.965672e-01 -1.889673e+01 1.592580e-02 -9.996123e-01 2.283921e-02 2.464839e-02 -9.966718e-01 -1.769708e-02 -7.957495e-02 4.596959e+00
8.385945e-02 -2.190262e-02 -9.962369e-01 -1.964473e+01 1.658043e-02 -9.995893e-01 2.337200e-02 3.760538e-02 -9.963396e-01 -1.847800e-02 -8.346187e-02 4.538644e+00
8.523896e-02 -2.242191e-02 -9.961082e-01 -2.041936e+01 1.711397e-02 -9.995663e-01 2.396423e-02 5.149166e-02 -9.962136e-01 -1.909005e-02 -8.481827e-02 4.485705e+00
7.717742e-02 -2.000296e-02 -9.968168e-01 -2.125334e+01 1.752246e-02 -9.996171e-01 2.141581e-02 5.052972e-02 -9.968634e-01 -1.911950e-02 -7.679737e-02 4.406897e+00
8.001307e-02 -2.110688e-02 -9.965703e-01 -2.204222e+01 1.708251e-02 -9.995999e-01 2.254258e-02 6.028839e-02 -9.966474e-01 -1.882762e-02 -7.962050e-02 4.354069e+00
8.254381e-02 -2.200076e-02 -9.963446e-01 -2.283071e+01 1.655664e-02 -9.995880e-01 2.344404e-02 7.026123e-02 -9.964499e-01 -1.843128e-02 -8.214555e-02 4.299756e+00
8.661135e-02 -2.243664e-02 -9.959895e-01 -2.361198e+01 1.583487e-02 -9.995890e-01 2.389473e-02 8.014721e-02 -9.961163e-01 -1.784092e-02 -8.622047e-02 4.241535e+00
7.345211e-02 -1.162595e-02 -9.972309e-01 -2.446819e+01 1.182306e-02 -9.998516e-01 1.252734e-02 7.164107e-02 -9.972287e-01 -1.271048e-02 -7.330375e-02 4.165717e+00
7.594691e-02 -1.180045e-02 -9.970421e-01 -2.526708e+01 1.117218e-02 -9.998571e-01 1.268478e-02 7.342440e-02 -9.970493e-01 -1.210251e-02 -7.580424e-02 4.105980e+00
7.441700e-02 -1.231976e-02 -9.971511e-01 -2.609604e+01 1.068093e-02 -9.998565e-01 1.315030e-02 7.619413e-02 -9.971700e-01 -1.162911e-02 -7.427473e-02 4.028460e+00
7.519679e-02 -1.319792e-02 -9.970814e-01 -2.692441e+01 1.027634e-02 -9.998490e-01 1.400956e-02 7.912502e-02 -9.971158e-01 -1.129982e-02 -7.504981e-02 3.964530e+00
7.440532e-02 -2.391137e-02 -9.969414e-01 -2.786649e+01 1.551528e-02 -9.995637e-01 2.513223e-02 1.027077e-01 -9.971074e-01 -1.733779e-02 -7.400187e-02 3.908074e+00
7.648163e-02 -2.506010e-02 -9.967560e-01 -2.872413e+01 1.533134e-02 -9.995363e-01 2.630638e-02 1.152678e-01 -9.969531e-01 -1.729356e-02 -7.606196e-02 3.855249e+00
8.085263e-02 -2.606279e-02 -9.963852e-01 -2.955758e+01 1.516021e-02 -9.995102e-01 2.737472e-02 1.279639e-01 -9.966108e-01 -1.731872e-02 -8.041792e-02 3.787816e+00
8.283383e-02 -2.693946e-02 -9.961992e-01 -3.038769e+01 1.505429e-02 -9.994867e-01 2.828012e-02 1.409284e-01 -9.964496e-01 -1.733962e-02 -8.238575e-02 3.724791e+00
7.591501e-02 -2.389474e-02 -9.968279e-01 -3.118130e+01 1.750607e-02 -9.995268e-01 2.529264e-02 1.323313e-01 -9.969606e-01 -1.937063e-02 -7.546078e-02 3.636497e+00
7.499333e-02 -2.489929e-02 -9.968731e-01 -3.201696e+01 1.769912e-02 -9.994975e-01 2.629632e-02 1.434491e-01 -9.970270e-01 -1.961583e-02 -7.451495e-02 3.557922e+00
7.368896e-02 -2.580929e-02 -9.969472e-01 -3.285592e+01 1.800249e-02 -9.994677e-01 2.720519e-02 1.551407e-01 -9.971188e-01 -1.995226e-02 -7.318511e-02 3.488986e+00
7.097545e-02 -2.645877e-02 -9.971272e-01 -3.367093e+01 1.860041e-02 -9.994392e-01 2.784410e-02 1.660733e-01 -9.973046e-01 -2.052322e-02 -7.044350e-02 3.420194e+00
7.235489e-02 -2.056501e-02 -9.971669e-01 -3.451422e+01 2.038627e-02 -9.995481e-01 2.209335e-02 1.747559e-01 -9.971706e-01 -2.192708e-02 -7.190295e-02 3.350873e+00
7.378075e-02 -2.113086e-02 -9.970506e-01 -3.534903e+01 2.094736e-02 -9.995221e-01 2.273333e-02 1.815760e-01 -9.970545e-01 -2.256286e-02 -7.330284e-02 3.293318e+00
7.420550e-02 -2.181370e-02 -9.970044e-01 -3.615596e+01 2.153468e-02 -9.994926e-01 2.347093e-02 1.877968e-01 -9.970105e-01 -2.321184e-02 -7.369810e-02 3.237833e+00
7.414225e-02 -2.274471e-02 -9.969883e-01 -3.696463e+01 2.209658e-02 -9.994569e-01 2.444427e-02 1.950774e-01 -9.970029e-01 -2.384239e-02 -7.359941e-02 3.172241e+00
7.203294e-02 -2.470751e-02 -9.970962e-01 -3.784603e+01 2.501453e-02 -9.993339e-01 2.657008e-02 2.032328e-01 -9.970886e-01 -2.685581e-02 -7.136692e-02 3.101467e+00
7.073759e-02 -2.598792e-02 -9.971564e-01 -3.865759e+01 2.550768e-02 -9.992865e-01 2.785293e-02 2.130282e-01 -9.971688e-01 -2.740540e-02 -7.002424e-02 3.040767e+00
6.964967e-02 -2.724166e-02 -9.971995e-01 -3.948734e+01 2.589831e-02 -9.992408e-01 2.910629e-02 2.243900e-01 -9.972353e-01 -2.785303e-02 -6.889127e-02 2.977539e+00
6.917625e-02 -2.826602e-02 -9.972039e-01 -4.030452e+01 2.623861e-02 -9.992011e-01 3.014281e-02 2.360237e-01 -9.972593e-01 -2.825041e-02 -6.837931e-02 2.921453e+00
6.855703e-02 -2.955266e-02 -9.972094e-01 -4.119115e+01 2.133325e-02 -9.992892e-01 3.108093e-02 2.559899e-01 -9.974191e-01 -2.340453e-02 -6.787785e-02 2.861195e+00
6.739203e-02 -3.020167e-02 -9.972694e-01 -4.199729e+01 2.178245e-02 -9.992590e-01 3.173390e-02 2.685732e-01 -9.974888e-01 -2.386158e-02 -6.668422e-02 2.806570e+00
6.724368e-02 -3.076317e-02 -9.972622e-01 -4.283006e+01 2.235795e-02 -9.992271e-01 3.233134e-02 2.829155e-01 -9.974861e-01 -2.447081e-02 -6.650390e-02 2.737863e+00
6.721897e-02 -3.120573e-02 -9.972501e-01 -4.364417e+01 2.281911e-02 -9.992012e-01 3.280489e-02 2.971598e-01 -9.974773e-01 -2.496148e-02 -6.645319e-02 2.669282e+00
7.222302e-02 -1.866182e-02 -9.972139e-01 -4.450098e+01 2.862254e-02 -9.993744e-01 2.077523e-02 2.900370e-01 -9.969777e-01 -3.004325e-02 -7.164369e-02 2.585571e+00
7.284842e-02 -1.894695e-02 -9.971631e-01 -4.530252e+01 2.871319e-02 -9.993653e-01 2.108645e-02 2.939710e-01 -9.969296e-01 -3.016784e-02 -7.225816e-02 2.531285e+00
7.387328e-02 -1.938747e-02 -9.970792e-01 -4.610101e+01 2.883481e-02 -9.993515e-01 2.156802e-02 2.982098e-01 -9.968507e-01 -3.034389e-02 -7.326634e-02 2.474854e+00
7.620475e-02 -2.013296e-02 -9.968889e-01 -4.691298e+01 2.884582e-02 -9.993331e-01 2.238737e-02 3.031997e-01 -9.966749e-01 -3.046210e-02 -7.557319e-02 2.420257e+00
8.065493e-02 -2.433518e-02 -9.964449e-01 -4.777903e+01 2.036919e-02 -9.994529e-01 2.605738e-02 3.161092e-01 -9.965339e-01 -2.239843e-02 -8.011512e-02 2.350935e+00
8.229659e-02 -2.517156e-02 -9.962900e-01 -4.858048e+01 2.036087e-02 -9.994299e-01 2.693276e-02 3.243314e-01 -9.963999e-01 -2.250180e-02 -8.173715e-02 2.282161e+00
8.475859e-02 -2.582008e-02 -9.960669e-01 -4.937143e+01 2.047613e-02 -9.994079e-01 2.764907e-02 3.324134e-01 -9.961911e-01 -2.273909e-02 -8.417972e-02 2.220752e+00
8.713791e-02 -2.630430e-02 -9.958490e-01 -5.015887e+01 2.083320e-02 -9.993846e-01 2.822062e-02 3.410282e-01 -9.959784e-01 -2.320581e-02 -8.653628e-02 2.151749e+00
8.686913e-02 -1.949866e-02 -9.960289e-01 -5.099767e+01 2.690098e-02 -9.993979e-01 2.191079e-02 3.312251e-01 -9.958564e-01 -2.869752e-02 -8.629230e-02 2.043115e+00
9.056212e-02 -1.994748e-02 -9.956910e-01 -5.179504e+01 2.747878e-02 -9.993687e-01 2.252047e-02 3.359284e-01 -9.955117e-01 -2.939988e-02 -8.995681e-02 1.961385e+00
9.265120e-02 -2.048292e-02 -9.954879e-01 -5.256741e+01 2.802855e-02 -9.993386e-01 2.317080e-02 3.404584e-01 -9.953040e-01 -3.004888e-02 -9.201581e-02 1.880715e+00
9.474657e-02 -2.097023e-02 -9.952806e-01 -5.333944e+01 2.863391e-02 -9.993070e-01 2.378090e-02 3.452937e-01 -9.950896e-01 -3.075193e-02 -9.408046e-02 1.797986e+00
9.061311e-02 -2.051865e-02 -9.956747e-01 -5.413861e+01 3.346849e-02 -9.991602e-01 2.363633e-02 3.567708e-01 -9.953237e-01 -3.546549e-02 -8.985029e-02 1.713524e+00
9.276477e-02 -2.107026e-02 -9.954650e-01 -5.490221e+01 3.390824e-02 -9.991292e-01 2.430764e-02 3.621765e-01 -9.951106e-01 -3.600936e-02 -9.196954e-02 1.622972e+00
9.482901e-02 -2.174995e-02 -9.952560e-01 -5.566498e+01 3.434568e-02 -9.990946e-01 2.510634e-02 3.680986e-01 -9.949009e-01 -3.656355e-02 -9.399614e-02 1.531092e+00
9.795929e-02 -2.262889e-02 -9.949332e-01 -5.641968e+01 3.475740e-02 -9.990538e-01 2.614476e-02 3.734069e-01 -9.945833e-01 -3.714241e-02 -9.708008e-02 1.464678e+00
9.220990e-02 -3.013593e-02 -9.952835e-01 -5.722108e+01 3.373494e-02 -9.988735e-01 3.337007e-02 4.000944e-01 -9.951680e-01 -3.665289e-02 -9.108940e-02 1.425301e+00
9.357054e-02 -3.105712e-02 -9.951282e-01 -5.798256e+01 3.393751e-02 -9.988330e-01 3.436384e-02 4.124555e-01 -9.950341e-01 -3.698761e-02 -9.240735e-02 1.345443e+00
9.418340e-02 -3.185607e-02 -9.950451e-01 -5.874286e+01 3.405079e-02 -9.988001e-01 3.519927e-02 4.250134e-01 -9.949724e-01 -3.719726e-02 -9.298567e-02 1.270909e+00
9.666807e-02 -3.244140e-02 -9.947879e-01 -5.948544e+01 3.407644e-02 -9.987749e-01 3.588279e-02 4.375969e-01 -9.947332e-01 -3.736755e-02 -9.544416e-02 1.190742e+00
9.184026e-02 -2.645633e-02 -9.954222e-01 -6.022242e+01 2.861771e-02 -9.991640e-01 2.919612e-02 4.267252e-01 -9.953625e-01 -3.116808e-02 -9.100635e-02 1.150848e+00
9.275357e-02 -2.684453e-02 -9.953272e-01 -6.091074e+01 2.862509e-02 -9.991514e-01 2.961522e-02 4.326673e-01 -9.952775e-01 -3.123825e-02 -9.190644e-02 1.085611e+00
9.417389e-02 -2.724228e-02 -9.951831e-01 -6.160375e+01 2.866026e-02 -9.991370e-01 3.006263e-02 4.384092e-01 -9.951432e-01 -3.135332e-02 -9.331185e-02 1.025815e+00
9.448681e-02 -2.765539e-02 -9.951419e-01 -6.227541e+01 2.869381e-02 -9.991231e-01 3.049045e-02 4.439174e-01 -9.951125e-01 -3.143536e-02 -9.361041e-02 9.665703e-01
8.103883e-02 -2.245664e-02 -9.964579e-01 -6.292685e+01 3.471735e-02 -9.990758e-01 2.533909e-02 4.556669e-01 -9.961061e-01 -3.664783e-02 -8.018430e-02 9.025979e-01
7.608084e-02 -2.306333e-02 -9.968349e-01 -6.356080e+01 3.472596e-02 -9.990647e-01 2.576529e-02 4.564375e-01 -9.964968e-01 -3.657630e-02 -7.520878e-02 8.643751e-01
7.040096e-02 -2.377933e-02 -9.972354e-01 -6.418269e+01 3.477051e-02 -9.990498e-01 2.627726e-02 4.567919e-01 -9.969127e-01 -3.652432e-02 -6.950724e-02 8.300682e-01
6.337399e-02 -2.455886e-02 -9.976876e-01 -6.479546e+01 3.482897e-02 -9.990337e-01 2.680437e-02 4.567955e-01 -9.973820e-01 -3.644713e-02 -6.245739e-02 8.076100e-01
3.882018e-02 -2.948436e-02 -9.988111e-01 -6.544292e+01 3.500497e-02 -9.989109e-01 3.084782e-02 4.617206e-01 -9.986328e-01 -3.616088e-02 -3.774581e-02 7.612894e-01
2.627080e-02 -3.036295e-02 -9.991937e-01 -6.603835e+01 3.548204e-02 -9.988804e-01 3.128633e-02 4.641533e-01 -9.990249e-01 -3.627535e-02 -2.516405e-02 7.528896e-01
1.329956e-02 -3.127468e-02 -9.994224e-01 -6.663385e+01 3.591499e-02 -9.988508e-01 3.173472e-02 4.667401e-01 -9.992663e-01 -3.631631e-02 -1.216105e-02 7.526892e-01
-8.548541e-03 -3.217440e-02 -9.994457e-01 -6.717218e+01 3.664403e-02 -9.988210e-01 3.184086e-02 4.678232e-01 -9.992918e-01 -3.635153e-02 9.717462e-03 7.616943e-01
-5.690927e-02 -3.388799e-02 -9.978041e-01 -6.763776e+01 4.102126e-02 -9.986592e-01 3.157741e-02 4.977927e-01 -9.975363e-01 -3.913414e-02 5.822309e-02 7.958220e-01
-8.597397e-02 -3.471434e-02 -9.956924e-01 -6.812462e+01 4.179083e-02 -9.986388e-01 3.120860e-02 4.969154e-01 -9.954205e-01 -3.892769e-02 8.730769e-02 8.526553e-01
-1.153349e-01 -3.553269e-02 -9.926909e-01 -6.860339e+01 4.252201e-02 -9.986206e-01 3.080455e-02 4.961768e-01 -9.924161e-01 -3.865838e-02 1.166867e-01 9.170583e-01
-1.489026e-01 -3.631235e-02 -9.881849e-01 -6.905699e+01 4.329862e-02 -9.986065e-01 3.017094e-02 4.942502e-01 -9.879035e-01 -3.829452e-02 1.502674e-01 1.003181e+00
-2.180592e-01 -3.446534e-02 -9.753268e-01 -6.948050e+01 3.773755e-02 -9.989266e-01 2.686210e-02 5.163064e-01 -9.752057e-01 -3.094892e-02 2.191257e-01 1.119917e+00
-2.568028e-01 -3.519601e-02 -9.658228e-01 -6.988464e+01 3.826629e-02 -9.989234e-01 2.622761e-02 5.113568e-01 -9.657059e-01 -3.022313e-02 2.578731e-01 1.262316e+00
-2.947555e-01 -3.566230e-02 -9.549070e-01 -7.028751e+01 3.831761e-02 -9.989408e-01 2.547912e-02 5.061942e-01 -9.548042e-01 -2.907965e-02 2.958098e-01 1.425206e+00
-3.407864e-01 -3.585878e-02 -9.394566e-01 -7.066064e+01 3.824774e-02 -9.989738e-01 2.425623e-02 4.995035e-01 -9.393624e-01 -2.766591e-02 3.418082e-01 1.616063e+00
-3.905710e-01 -3.572163e-02 -9.198794e-01 -7.103072e+01 3.793861e-02 -9.990225e-01 2.268666e-02 4.935534e-01 -9.197907e-01 -2.603819e-02 3.915445e-01 1.815103e+00
-4.704825e-01 -2.395730e-02 -8.820841e-01 -7.144471e+01 1.804245e-02 -9.996836e-01 1.752788e-02 5.168505e-01 -8.822249e-01 -7.668395e-03 4.707659e-01 2.058767e+00
-5.178502e-01 -2.356165e-02 -8.551468e-01 -7.177613e+01 1.736269e-02 -9.997042e-01 1.703031e-02 5.102258e-01 -8.552951e-01 -6.028499e-03 5.181060e-01 2.304894e+00
-5.630209e-01 -2.297029e-02 -8.261233e-01 -7.210542e+01 1.634528e-02 -9.997277e-01 1.665768e-02 5.040776e-01 -8.262810e-01 -4.124599e-03 5.632430e-01 2.565453e+00
-6.076716e-01 -1.537920e-02 -7.940395e-01 -7.249158e+01 2.613248e-03 -9.998458e-01 1.736542e-02 5.495188e-01 -7.941841e-01 8.477451e-03 6.076180e-01 2.840985e+00
-6.487371e-01 -1.405402e-02 -7.608829e-01 -7.279993e+01 1.011023e-03 -9.998445e-01 1.760579e-02 5.445858e-01 -7.610120e-01 1.065226e-02 6.486504e-01 3.148072e+00
-6.896379e-01 -1.242940e-02 -7.240477e-01 -7.307796e+01 -3.494482e-04 -9.998469e-01 1.749676e-02 5.399689e-01 -7.241544e-01 1.231944e-02 6.895279e-01 3.460454e+00
-7.285749e-01 -1.050535e-02 -6.848856e-01 -7.333761e+01 -1.475796e-03 -9.998559e-01 1.690657e-02 5.358264e-01 -6.849645e-01 1.332845e-02 7.284545e-01 3.787913e+00
-7.657391e-01 6.195588e-03 -6.431215e-01 -7.362346e+01 -5.534022e-03 -9.999800e-01 -3.044288e-03 5.280691e-01 -6.431276e-01 1.227918e-03 7.657581e-01 4.103157e+00
-8.005410e-01 8.041313e-03 -5.992242e-01 -7.387432e+01 -7.248634e-03 -9.999667e-01 -3.735192e-03 5.165250e-01 -5.992342e-01 1.353382e-03 8.005726e-01 4.467502e+00
-8.332880e-01 9.861151e-03 -5.527513e-01 -7.409659e+01 -8.936391e-03 -9.999505e-01 -4.367380e-03 5.055109e-01 -5.527670e-01 1.300316e-03 8.333349e-01 4.873254e+00
-8.628562e-01 1.147315e-02 -5.053193e-01 -7.432405e+01 -1.039158e-02 -9.999337e-01 -4.959148e-03 4.943468e-01 -5.053427e-01 9.720318e-04 8.629183e-01 5.310809e+00
-8.931861e-01 8.190809e-03 -4.496127e-01 -7.458034e+01 1.087329e-04 -9.998301e-01 -1.843039e-02 5.069113e-01 -4.496873e-01 -1.651065e-02 8.930335e-01 5.769343e+00
-9.150571e-01 9.266889e-03 -4.032179e-01 -7.477942e+01 -1.628434e-03 -9.998127e-01 -1.928249e-02 4.878849e-01 -4.033211e-01 -1.698796e-02 9.149008e-01 6.249132e+00
-9.335557e-01 9.966759e-03 -3.582936e-01 -7.498024e+01 -2.978940e-03 -9.997945e-01 -2.004977e-02 4.686848e-01 -3.584198e-01 -1.765024e-02 9.333937e-01 6.740282e+00
-9.487390e-01 1.032271e-02 -3.158922e-01 -7.516012e+01 -4.004324e-03 -9.997789e-01 -2.064430e-02 4.493243e-01 -3.160354e-01 -1.832111e-02 9.485705e-01 7.253590e+00
-9.559813e-01 -1.006437e-02 -2.932550e-01 -7.535922e+01 1.550405e-02 -9.997481e-01 -1.623075e-02 4.617869e-01 -2.930177e-01 -2.006293e-02 9.558965e-01 7.894495e+00
-9.651644e-01 -9.985158e-03 -2.614537e-01 -7.551564e+01 1.499514e-02 -9.997401e-01 -1.717401e-02 4.434242e-01 -2.612142e-01 -2.049628e-02 9.650632e-01 8.452309e+00
-9.724851e-01 -9.987234e-03 -2.327512e-01 -7.566878e+01 1.454787e-02 -9.997342e-01 -1.788609e-02 4.247851e-01 -2.325107e-01 -2.078000e-02 9.723718e-01 9.015283e+00
-9.775006e-01 -1.009231e-02 -2.106912e-01 -7.581218e+01 1.427211e-02 -9.997302e-01 -1.832735e-02 4.054401e-01 -2.104494e-01 -2.092200e-02 9.773809e-01 9.605659e+00
-9.817968e-01 -1.044032e-02 -1.896471e-01 -7.592504e+01 1.422722e-02 -9.997255e-01 -1.861766e-02 3.847980e-01 -1.894007e-01 -2.097692e-02 9.816758e-01 1.022741e+01
-9.810584e-01 -1.351385e-02 -1.932408e-01 -7.608340e+01 1.540062e-02 -9.998472e-01 -8.264923e-03 4.023800e-01 -1.930996e-01 -1.108440e-02 9.811165e-01 1.096811e+01
-9.839305e-01 -1.400314e-02 -1.780019e-01 -7.620216e+01 1.574596e-02 -9.998409e-01 -8.382011e-03 3.886545e-01 -1.778562e-01 -1.105013e-02 9.839945e-01 1.159539e+01
-9.864940e-01 -1.443288e-02 -1.631603e-01 -7.630303e+01 1.603280e-02 -9.998354e-01 -8.493269e-03 3.743325e-01 -1.630109e-01 -1.099448e-02 9.865630e-01 1.226702e+01
-9.888702e-01 -1.484725e-02 -1.480381e-01 -7.642027e+01 1.629497e-02 -9.998305e-01 -8.571249e-03 3.607723e-01 -1.478857e-01 -1.088813e-02 9.889445e-01 1.293788e+01
-9.884356e-01 -1.879264e-02 -1.504728e-01 -7.660126e+01 1.976662e-02 -9.997922e-01 -4.979625e-03 3.704312e-01 -1.503479e-01 -7.896376e-03 9.886016e-01 1.369075e+01
-9.905439e-01 -1.926337e-02 -1.358373e-01 -7.669364e+01 2.015034e-02 -9.997836e-01 -5.157604e-03 3.584751e-01 -1.357086e-01 -7.846002e-03 9.907177e-01 1.438665e+01
-9.923050e-01 -1.979065e-02 -1.222252e-01 -7.678471e+01 2.062540e-02 -9.997718e-01 -5.568062e-03 3.466182e-01 -1.220871e-01 -8.046160e-03 9.924868e-01 1.509552e+01
-9.931571e-01 -2.157760e-02 -1.147757e-01 -7.686262e+01 2.299735e-02 -9.996744e-01 -1.105986e-02 3.394499e-01 -1.144997e-01 -1.362372e-02 9.933299e-01 1.588875e+01
-9.942793e-01 -2.195325e-02 -1.045309e-01 -7.693520e+01 2.328556e-02 -9.996622e-01 -1.154223e-02 3.225182e-01 -1.042422e-01 -1.391026e-02 9.944547e-01 1.663996e+01
-9.951024e-01 -2.234596e-02 -9.629099e-02 -7.700822e+01 2.357720e-02 -9.996539e-01 -1.166776e-02 3.057279e-01 -9.599693e-02 -1.388089e-02 9.952849e-01 1.737786e+01
-9.957296e-01 -2.295507e-02 -8.941747e-02 -7.708331e+01 2.406840e-02 -9.996455e-01 -1.139259e-02 2.889737e-01 -8.912424e-02 -1.349607e-02 9.959291e-01 1.813063e+01
-9.953908e-01 -3.092114e-02 -9.078046e-02 -7.720786e+01 3.139240e-02 -9.995000e-01 -3.767535e-03 2.902806e-01 -9.061857e-02 -6.599985e-03 9.958638e-01 1.897426e+01
-9.959581e-01 -3.135412e-02 -8.416925e-02 -7.728273e+01 3.174930e-02 -9.994903e-01 -3.360364e-03 2.790647e-01 -8.402098e-02 -6.019097e-03 9.964458e-01 1.972723e+01
-9.963218e-01 -3.185373e-02 -7.954986e-02 -7.734634e+01 3.218989e-02 -9.994774e-01 -2.946691e-03 2.675658e-01 -7.941442e-02 -5.496555e-03 9.968265e-01 2.049633e+01
-9.966807e-01 -3.223810e-02 -7.475539e-02 -7.740636e+01 3.251305e-02 -9.994683e-01 -2.463658e-03 2.565774e-01 -7.463622e-02 -4.886006e-03 9.971989e-01 2.126534e+01
-9.964496e-01 -3.044805e-02 -7.849319e-02 -7.747006e+01 3.045670e-02 -9.995355e-01 1.087302e-03 2.430031e-01 -7.848984e-02 -1.307202e-03 9.969141e-01 2.204398e+01
-9.967092e-01 -3.071617e-02 -7.501487e-02 -7.752779e+01 3.066482e-02 -9.995280e-01 1.836462e-03 2.343370e-01 -7.503588e-02 -4.698986e-04 9.971808e-01 2.282425e+01
-9.968342e-01 -3.081682e-02 -7.329361e-02 -7.757982e+01 3.071634e-02 -9.995250e-01 2.497885e-03 2.258689e-01 -7.333577e-02 2.386654e-04 9.973073e-01 2.361981e+01
-9.968705e-01 -3.102926e-02 -7.270796e-02 -7.764761e+01 3.090655e-02 -9.995183e-01 2.812392e-03 2.183050e-01 -7.276021e-02 5.564388e-04 9.973494e-01 2.440634e+01
-9.971002e-01 -2.472218e-02 -7.197261e-02 -7.772154e+01 2.519107e-02 -9.996669e-01 -5.614250e-03 1.834278e-01 -7.180984e-02 -7.411036e-03 9.973909e-01 2.511558e+01
-9.971447e-01 -2.505010e-02 -7.123822e-02 -7.778667e+01 2.553499e-02 -9.996565e-01 -5.903879e-03 1.696156e-01 -7.106585e-02 -7.706089e-03 9.974419e-01 2.590130e+01
-9.972595e-01 -2.549422e-02 -6.945156e-02 -7.784284e+01 2.597921e-02 -9.996439e-01 -6.088725e-03 1.553594e-01 -6.927160e-02 -7.876336e-03 9.975668e-01 2.667523e+01
-9.972754e-01 -2.602447e-02 -6.902600e-02 -7.790501e+01 2.650184e-02 -9.996307e-01 -6.008872e-03 1.411906e-01 -6.884413e-02 -7.821816e-03 9.975968e-01 2.743500e+01
-9.972523e-01 -3.475071e-02 -6.542433e-02 -7.795537e+01 3.549083e-02 -9.993182e-01 -1.018413e-02 1.091817e-01 -6.502581e-02 -1.247811e-02 9.978056e-01 2.813995e+01
-9.973000e-01 -3.542471e-02 -6.432521e-02 -7.800275e+01 3.612353e-02 -9.992999e-01 -9.733071e-03 9.114820e-02 -6.393538e-02 -1.203044e-02 9.978816e-01 2.889824e+01
-9.973208e-01 -3.577942e-02 -6.380570e-02 -7.805724e+01 3.644470e-02 -9.992924e-01 -9.293217e-03 7.346234e-02 -6.342805e-02 -1.159370e-02 9.979191e-01 2.965142e+01
-9.973588e-01 -3.602687e-02 -6.306806e-02 -7.810680e+01 3.665642e-02 -9.992887e-01 -8.853235e-03 5.592486e-02 -6.270424e-02 -1.114170e-02 9.979700e-01 3.040466e+01
-9.977382e-01 -3.149759e-02 -5.938400e-02 -7.814598e+01 3.179906e-02 -9.994857e-01 -4.138122e-03 5.000242e-02 -5.922313e-02 -6.017117e-03 9.982267e-01 3.113882e+01
-9.977479e-01 -3.192541e-02 -5.899133e-02 -7.818780e+01 3.220315e-02 -9.994743e-01 -3.763342e-03 3.575692e-02 -5.884017e-02 -5.654573e-03 9.982514e-01 3.189978e+01
-9.977172e-01 -3.231407e-02 -5.929794e-02 -7.822818e+01 3.256906e-02 -9.994639e-01 -3.338367e-03 2.177543e-02 -5.915827e-02 -5.262025e-03 9.982347e-01 3.265953e+01
-9.977033e-01 -3.265660e-02 -5.934549e-02 -7.826277e+01 3.288569e-02 -9.994550e-01 -2.887393e-03 7.664955e-03 -5.921885e-02 -4.832378e-03 9.982334e-01 3.343623e+01
-9.979144e-01 -3.013268e-02 -5.708828e-02 -7.832784e+01 3.046362e-02 -9.995237e-01 -4.935365e-03 -9.188701e-03 -5.691237e-02 -6.664187e-03 9.983570e-01 3.422034e+01
-9.978144e-01 -3.058073e-02 -5.857714e-02 -7.837234e+01 3.089861e-02 -9.995123e-01 -4.528398e-03 -2.358981e-02 -5.841008e-02 -6.328452e-03 9.982727e-01 3.497803e+01
-9.976291e-01 -3.086733e-02 -6.150973e-02 -7.842641e+01 3.117552e-02 -9.995057e-01 -4.056904e-03 -3.732654e-02 -6.135409e-02 -5.964882e-03 9.980983e-01 3.574404e+01
-9.974675e-01 -3.127085e-02 -6.388118e-02 -7.848843e+01 3.156368e-02 -9.994954e-01 -3.579701e-03 -5.054874e-02 -6.373700e-02 -5.586960e-03 9.979511e-01 3.651289e+01
-9.973896e-01 -3.088715e-02 -6.527010e-02 -7.856481e+01 3.130172e-02 -9.994957e-01 -5.338354e-03 -5.599856e-02 -6.507228e-02 -7.367485e-03 9.978533e-01 3.735266e+01
-9.971280e-01 -3.140828e-02 -6.891539e-02 -7.862297e+01 3.182450e-02 -9.994813e-01 -4.949856e-03 -7.143413e-02 -6.872419e-02 -7.128838e-03 9.976102e-01 3.814694e+01
-9.968501e-01 -3.198992e-02 -7.257154e-02 -7.868293e+01 3.242172e-02 -9.994628e-01 -4.779430e-03 -8.641993e-02 -7.237966e-02 -7.117269e-03 9.973518e-01 3.894523e+01
-9.966728e-01 -3.248237e-02 -7.475437e-02 -7.874328e+01 3.292529e-02 -9.994467e-01 -4.699917e-03 -1.011691e-01 -7.456034e-02 -7.145588e-03 9.971909e-01 3.974729e+01
-9.968814e-01 -3.445198e-02 -7.099631e-02 -7.881441e+01 3.560422e-02 -9.992529e-01 -1.502813e-02 -1.295486e-01 -7.042551e-02 -1.750903e-02 9.973634e-01 4.065625e+01
-9.969493e-01 -3.491944e-02 -6.980512e-02 -7.887045e+01 3.604615e-02 -9.992384e-01 -1.494652e-02 -1.529099e-01 -6.923003e-02 -1.741713e-02 9.974487e-01 4.150209e+01
-9.970272e-01 -3.532292e-02 -6.847659e-02 -7.892526e+01 3.641676e-02 -9.992272e-01 -1.479161e-02 -1.762631e-01 -6.790119e-02 -1.724133e-02 9.975431e-01 4.235841e+01
-9.970657e-01 -3.565434e-02 -6.774110e-02 -7.897292e+01 3.671379e-02 -9.992212e-01 -1.445935e-02 -1.989036e-01 -6.717280e-02 -1.690395e-02 9.975982e-01 4.319149e+01
-9.963716e-01 -3.157576e-02 -7.903461e-02 -7.908770e+01 3.227854e-02 -9.994498e-01 -7.629981e-03 -1.971044e-01 -7.875020e-02 -1.015342e-02 9.968427e-01 4.401735e+01
-9.963454e-01 -3.186770e-02 -7.924826e-02 -7.915125e+01 3.251901e-02 -9.994470e-01 -6.941224e-03 -2.137364e-01 -7.898323e-02 -9.492930e-03 9.968308e-01 4.486054e+01
-9.964977e-01 -3.227777e-02 -7.714015e-02 -7.922160e+01 3.286553e-02 -9.994395e-01 -6.361660e-03 -2.293884e-01 -7.689157e-02 -8.874631e-03 9.970000e-01 4.570255e+01
-9.967232e-01 -3.266407e-02 -7.400046e-02 -7.928983e+01 3.318916e-02 -9.994318e-01 -5.876924e-03 -2.444624e-01 -7.376643e-02 -8.313679e-03 9.972409e-01 4.654005e+01
-9.969688e-01 -3.137081e-02 -7.119776e-02 -7.938279e+01 3.165679e-02 -9.994947e-01 -2.891716e-03 -2.392364e-01 -7.107107e-02 -5.136844e-03 9.974580e-01 4.740279e+01
-9.972182e-01 -3.137366e-02 -6.761369e-02 -7.943606e+01 3.161785e-02 -9.994968e-01 -2.544194e-03 -2.522866e-01 -6.749985e-02 -4.674916e-03 9.977084e-01 4.827146e+01
-9.974223e-01 -3.127608e-02 -6.458145e-02 -7.949552e+01 3.148193e-02 -9.995020e-01 -2.171993e-03 -2.645910e-01 -6.448135e-02 -4.199542e-03 9.979101e-01 4.913812e+01
-9.974562e-01 -3.114562e-02 -6.411876e-02 -7.955481e+01 3.131303e-02 -9.995083e-01 -1.607427e-03 -2.764859e-01 -6.403717e-02 -3.611091e-03 9.979410e-01 4.999253e+01
-9.973130e-01 -2.404684e-02 -6.919944e-02 -7.964338e+01 2.426366e-02 -9.997029e-01 -2.294293e-03 -2.992136e-01 -6.912372e-02 -3.967161e-03 9.976003e-01 5.090756e+01
-9.973348e-01 -2.364658e-02 -6.902310e-02 -7.971504e+01 2.380832e-02 -9.997154e-01 -1.521413e-03 -3.115405e-01 -6.896747e-02 -3.160682e-03 9.976139e-01 5.176635e+01
-9.972875e-01 -2.303289e-02 -6.990957e-02 -7.979725e+01 2.315653e-02 -9.997314e-01 -9.586082e-04 -3.229499e-01 -6.986872e-02 -2.574872e-03 9.975529e-01 5.263002e+01
-9.973166e-01 -2.249877e-02 -6.966633e-02 -7.985242e+01 2.260230e-02 -9.997442e-01 -6.981561e-04 -3.349072e-01 -6.963281e-02 -2.270902e-03 9.975701e-01 5.347509e+01
-9.977265e-01 -2.202820e-02 -6.369141e-02 -7.990085e+01 2.260821e-02 -9.997091e-01 -8.400194e-03 -3.677942e-01 -6.348784e-02 -9.821044e-03 9.979343e-01 5.438297e+01
-9.978801e-01 -2.153501e-02 -6.141300e-02 -7.997414e+01 2.211028e-02 -9.997177e-01 -8.702969e-03 -3.858768e-01 -6.120824e-02 -1.004238e-02 9.980745e-01 5.524111e+01
-9.979101e-01 -2.103728e-02 -6.109799e-02 -8.002974e+01 2.162941e-02 -9.997251e-01 -9.046310e-03 -4.037710e-01 -6.089088e-02 -1.034892e-02 9.980909e-01 5.608466e+01
-9.978976e-01 -2.056935e-02 -6.146041e-02 -8.009832e+01 2.116910e-02 -9.997343e-01 -9.123110e-03 -4.217994e-01 -6.125642e-02 -1.040499e-02 9.980679e-01 5.696255e+01
-9.974609e-01 -3.153910e-02 -6.385148e-02 -8.015662e+01 3.253691e-02 -9.993632e-01 -1.464766e-02 -4.736728e-01 -6.334884e-02 -1.668800e-02 9.978520e-01 5.784025e+01
-9.973699e-01 -3.102133e-02 -6.550558e-02 -8.021447e+01 3.198656e-02 -9.993939e-01 -1.373775e-02 -4.980260e-01 -6.503971e-02 -1.579692e-02 9.977576e-01 5.872440e+01
-9.972777e-01 -3.050728e-02 -6.713166e-02 -8.028114e+01 3.144263e-02 -9.994221e-01 -1.292063e-02 -5.216749e-01 -6.669868e-02 -1.499625e-02 9.976605e-01 5.959507e+01
-9.971454e-01 -2.978444e-02 -6.938239e-02 -8.034921e+01 3.070762e-02 -9.994531e-01 -1.227705e-02 -5.451128e-01 -6.897877e-02 -1.437257e-02 9.975146e-01 6.046488e+01
-9.971885e-01 -2.187281e-02 -7.167068e-02 -8.037523e+01 2.214733e-02 -9.997501e-01 -3.037728e-03 -5.372627e-01 -7.158632e-02 -4.616501e-03 9.974238e-01 6.118181e+01
-9.970354e-01 -2.134781e-02 -7.392308e-02 -8.044247e+01 2.159800e-02 -9.997634e-01 -2.586567e-03 -5.529287e-01 -7.385036e-02 -4.175488e-03 9.972606e-01 6.201673e+01
-9.968433e-01 -2.084911e-02 -7.660819e-02 -8.051473e+01 2.108455e-02 -9.997751e-01 -2.265696e-03 -5.680659e-01 -7.654372e-02 -3.873794e-03 9.970587e-01 6.282492e+01
-9.965870e-01 -2.187010e-02 -7.959927e-02 -8.058566e+01 2.207317e-02 -9.997550e-01 -1.672023e-03 -5.908781e-01 -7.954319e-02 -3.423324e-03 9.968256e-01 6.364354e+01
-9.960256e-01 -2.723141e-02 -8.480238e-02 -8.063229e+01 2.838166e-02 -9.995204e-01 -1.238779e-02 -6.321725e-01 -8.442438e-02 -1.474539e-02 9.963208e-01 6.444637e+01
-9.958230e-01 -2.862764e-02 -8.670114e-02 -8.071268e+01 2.976865e-02 -9.994860e-01 -1.189578e-02 -6.630583e-01 -8.631602e-02 -1.442706e-02 9.961633e-01 6.524291e+01
-9.955315e-01 -3.017446e-02 -8.947924e-02 -8.079847e+01 3.130434e-02 -9.994466e-01 -1.125061e-02 -6.929801e-01 -8.909023e-02 -1.400142e-02 9.959251e-01 6.603951e+01
-9.952827e-01 -3.180347e-02 -9.165630e-02 -8.088396e+01 3.289242e-02 -9.994049e-01 -1.039440e-02 -7.218161e-01 -9.127116e-02 -1.336017e-02 9.957365e-01 6.683395e+01
-9.943313e-01 -4.186548e-02 -9.773702e-02 -8.100206e+01 4.294357e-02 -9.990374e-01 -8.952174e-03 -7.192609e-01 -9.726815e-02 -1.309860e-02 9.951720e-01 6.764008e+01
-9.940697e-01 -4.323534e-02 -9.978079e-02 -8.110891e+01 4.420237e-02 -9.989945e-01 -7.500162e-03 -7.453838e-01 -9.935619e-02 -1.186623e-02 9.949812e-01 6.844170e+01
-9.933129e-01 -4.479740e-02 -1.064082e-01 -8.119219e+01 4.566915e-02 -9.989400e-01 -5.768726e-03 -7.719141e-01 -1.060370e-01 -1.058972e-02 9.943058e-01 6.922369e+01
-9.926261e-01 -4.619460e-02 -1.120693e-01 -8.127722e+01 4.693539e-02 -9.988900e-01 -3.979314e-03 -7.969459e-01 -1.117611e-01 -9.209989e-03 9.936925e-01 6.999715e+01
-9.917828e-01 -3.795926e-02 -1.221715e-01 -8.135912e+01 3.763964e-02 -9.992793e-01 4.923855e-03 -7.783870e-01 -1.222704e-01 2.849032e-04 9.924968e-01 7.081718e+01
-9.910011e-01 -3.948292e-02 -1.278984e-01 -8.145972e+01 3.896923e-02 -9.992191e-01 6.517256e-03 -7.947460e-01 -1.280558e-01 1.474508e-03 9.917659e-01 7.160260e+01
-9.903668e-01 -4.105987e-02 -1.322411e-01 -8.157099e+01 4.037016e-02 -9.991536e-01 7.893579e-03 -8.095306e-01 -1.324532e-01 2.478946e-03 9.911862e-01 7.237652e+01
-9.896335e-01 -4.258680e-02 -1.371564e-01 -8.168156e+01 4.173604e-02 -9.990875e-01 9.073977e-03 -8.229163e-01 -1.374176e-01 3.255551e-03 9.905078e-01 7.315894e+01
-9.889084e-01 -4.150057e-02 -1.426114e-01 -8.182811e+01 4.200186e-02 -9.991174e-01 -5.052277e-04 -8.169379e-01 -1.424646e-01 -6.489570e-03 9.897786e-01 7.391642e+01
-9.882030e-01 -4.315104e-02 -1.469450e-01 -8.195724e+01 4.351506e-02 -9.990525e-01 7.379061e-04 -8.354489e-01 -1.468376e-01 -5.665121e-03 9.891443e-01 7.468758e+01
-9.874349e-01 -4.470960e-02 -1.515701e-01 -8.209415e+01 4.489440e-02 -9.989893e-01 2.204359e-03 -8.527380e-01 -1.515155e-01 -4.627990e-03 9.884441e-01 7.545526e+01
-9.865362e-01 -4.616592e-02 -1.568915e-01 -8.223295e+01 4.614636e-02 -9.989275e-01 3.769206e-03 -8.690626e-01 -1.568973e-01 -3.521515e-03 9.876087e-01 7.621946e+01
-9.843252e-01 -4.273016e-02 -1.711083e-01 -8.235839e+01 4.169962e-02 -9.990839e-01 9.613954e-03 -8.551059e-01 -1.713624e-01 2.328105e-03 9.852053e-01 7.696031e+01
-9.828623e-01 -4.371592e-02 -1.790829e-01 -8.249637e+01 4.247783e-02 -9.990396e-01 1.074411e-02 -8.669587e-01 -1.793807e-01 2.952930e-03 9.837753e-01 7.771680e+01
-9.806934e-01 -4.450507e-02 -1.904203e-01 -8.264359e+01 4.303025e-02 -9.990032e-01 1.187492e-02 -8.771955e-01 -1.907590e-01 3.451826e-03 9.816309e-01 7.846448e+01
-9.786597e-01 -4.491498e-02 -2.005188e-01 -8.279695e+01 4.317594e-02 -9.989824e-01 1.303980e-02 -8.865310e-01 -2.009005e-01 4.103940e-03 9.796031e-01 7.921689e+01
-9.776892e-01 -3.713146e-02 -2.067491e-01 -8.294632e+01 3.795944e-02 -9.992793e-01 -3.786574e-05 -8.981382e-01 -2.065987e-01 -7.885101e-03 9.783940e-01 7.991370e+01
-9.752716e-01 -3.772671e-02 -2.177658e-01 -8.312601e+01 3.826541e-02 -9.992661e-01 1.744330e-03 -9.150446e-01 -2.176718e-01 -6.631701e-03 9.759995e-01 8.064795e+01
-9.733239e-01 -3.836076e-02 -2.262055e-01 -8.330076e+01 3.855880e-02 -9.992501e-01 3.544503e-03 -9.311007e-01 -2.261719e-01 -5.272265e-03 9.740732e-01 8.138597e+01
-9.712090e-01 -3.924651e-02 -2.349739e-01 -8.349269e+01 3.913265e-02 -9.992208e-01 5.149249e-03 -9.457210e-01 -2.349928e-01 -4.194152e-03 9.719880e-01 8.209635e+01
-9.663742e-01 -4.028961e-02 -2.539636e-01 -8.370001e+01 3.782297e-02 -9.991779e-01 1.459003e-02 -9.263037e-01 -2.543426e-01 4.493770e-03 9.671038e-01 8.278786e+01
-9.631789e-01 -4.099766e-02 -2.657170e-01 -8.390076e+01 3.825101e-02 -9.991478e-01 1.550582e-02 -9.356726e-01 -2.661263e-01 4.770939e-03 9.639264e-01 8.349038e+01
-9.598438e-01 -4.168490e-02 -2.774209e-01 -8.411698e+01 3.856935e-02 -9.991167e-01 1.668057e-02 -9.435206e-01 -2.778712e-01 5.310795e-03 9.606037e-01 8.418325e+01
